0,8,7,45,-20,-18,-2,0,34,28,8,8,-8,-2,3,12,19,15,29,16,8,1,-81,-11,-2,-22,-4,-35,-30
0,3,16,27,9,21,14,1,13,17,18,0,15,-4,7,3,17,33,21,11,3,-20,-94,-5,-2,-3,-8,-54,-29
0,13,16,18,11,19,23,9,11,21,6,5,5,-4,1,0,15,27,8,5,-4,-17,-86,-11,-11,-14,-5,-23,-26
0,-16,2,30,-19,-27,11,13,7,28,11,0,24,14,20,20,9,-102,-43,17,12,-1,-63,14,2,11,8,-6,-7
0,-26,-3,44,-27,-46,4,6,3,19,-1,3,29,16,5,11,14,20,28,17,1,5,-70,-7,4,1,0,-41,-15
0,-9,-2,21,-15,-28,7,7,6,7,9,13,11,19,9,7,7,-22,3,19,7,-10,-58,2,13,9,6,-33,-16
0,-7,1,13,-15,-32,12,9,14,19,4,10,11,5,8,17,6,-1,-4,22,1,-3,-59,6,0,7,4,-25,-12
0,-9,1,9,-30,-34,10,2,-1,12,4,11,17,18,12,19,8,29,15,9,2,-4,-70,8,2,-7,11,-25,-26
0,16,-3,18,-2,-18,6,-14,9,8,7,-9,3,3,6,-6,11,32,26,-1,20,-10,-70,-3,6,-3,-3,-15,-13
0,-1,-7,35,-20,-26,5,-6,-1,8,6,7,-2,3,4,6,4,9,33,22,12,-3,-77,-1,4,5,0,-36,-1
0,13,3,33,-19,-20,-2,-7,15,23,1,11,-3,1,5,16,11,-15,22,15,10,3,-50,1,1,-3,-5,-30,-15
0,3,5,18,-28,-23,19,-6,5,-12,7,2,-1,-4,8,19,14,32,25,-4,-6,11,-64,9,7,-5,-5,-5,-5
0,10,3,14,-1,-17,14,-2,-3,-22,3,7,-2,1,5,2,13,38,27,15,4,-11,-53,-3,0,-6,5,-27,-14
0,23,5,-2,-13,-18,6,-1,3,-22,4,5,1,-5,8,6,3,45,30,-1,2,7,-61,-7,0,1,-3,-9,8
0,1,-3,15,5,-11,-1,2,-11,-5,-9,3,12,21,-2,8,4,19,10,5,-4,-1,-58,18,-3,5,-7,-12,-17
0,8,11,24,-19,-19,4,-5,5,-4,-4,-5,-8,-7,2,14,18,16,25,5,1,8,-41,0,18,-4,-4,-29,-5
0,-3,2,26,-12,-18,5,-1,-14,1,3,-4,5,2,0,-3,1,9,11,6,4,-10,-47,14,-9,-2,11,4,3
0,8,3,2,-8,-2,1,5,0,2,13,10,7,-11,2,-2,11,19,15,5,-8,-1,-50,-2,-1,5,6,0,0
0,1,1,22,11,-3,11,-7,4,-4,-4,-16,9,-5,3,-15,4,-7,1,-3,1,-6,-9,-5,8,17,-3,9,10
0,9,4,24,9,1,4,-3,-1,-4,1,2,-4,-18,6,-8,0,-14,8,4,3,3,-19,-14,-4,11,-4,0,4
0,-41,-23,-25,14,-4,6,-12,10,1,5,13,4,5,20,4,20,12,-1,1,-35,15,-42,1,3,-6,21,17,12
0,-14,-14,-26,14,-1,21,-16,-1,-8,6,6,-5,3,11,-12,11,14,-1,14,-33,6,-35,17,6,-5,5,25,7
0,6,12,10,20,37,-11,8,-3,4,2,0,-6,4,-7,-20,-15,4,7,-7,0,-15,-12,-7,0,-9,-13,18,-13
0,14,14,20,26,30,-2,-9,-3,7,11,-2,-1,-18,-6,4,-4,1,3,0,-6,-12,-5,-5,-12,-1,-10,-7,-19
0,4,10,29,28,41,11,-5,0,-8,4,-4,-7,-13,-8,-8,-2,-8,0,-4,-17,7,-8,-8,-3,0,-15,-12,-1
0,6,9,-10,20,46,0,0,7,6,1,-10,-6,8,-6,-1,-10,17,-14,-7,-5,-16,-23,-8,4,-7,-11,9,-7
0,15,9,5,17,36,-4,-13,8,-2,-4,2,-2,-5,5,-10,4,7,-5,-2,9,-8,-25,-6,0,-12,-11,5,-9
0,-7,-8,35,31,36,-2,7,-8,3,1,-8,4,-2,0,9,-6,-15,-3,-8,-17,10,-10,-4,-9,-3,-13,-20,6
0,16,-2,14,14,39,0,-1,-4,-1,-7,-1,-1,-7,1,2,-7,-4,-2,-1,0,1,-15,-6,2,-6,0,-11,-5
0,-14,2,18,28,31,1,1,-8,-2,1,-9,-6,9,0,7,1,-9,-17,4,-3,-18,-4,-8,2,-3,-14,5,4
0,-7,5,-8,10,30,-2,7,-11,2,2,5,0,9,-7,-9,5,5,-2,2,-2,-7,-22,-1,4,7,-2,-2,-19
0,-14,-19,10,41,39,3,5,-16,0,1,2,-2,29,-14,12,-5,-14,-15,-9,-16,-7,-2,-1,-7,2,2,-12,6
0,30,-1,4,28,25,0,3,16,-7,4,-10,0,-21,-9,11,-1,18,-9,-19,-13,1,-7,-1,-8,-10,-15,-1,22
0,-1,-9,20,30,25,-3,3,-8,-1,3,-3,2,-4,-8,-4,-6,-3,-4,-14,-6,4,7,4,-4,-9,-12,-4,8
0,-2,-5,19,26,19,4,3,0,8,12,-3,6,-15,1,-5,8,-17,-5,-12,-8,0,-15,-2,-9,-15,-11,3,-2
0,7,7,-22,14,21,-10,8,8,7,9,-12,-2,9,-1,-3,-2,5,-7,-9,4,6,-13,5,-1,-29,-4,-6,6
0,7,-7,15,13,17,2,4,-6,-12,-7,-3,-4,11,2,2,-10,-15,5,6,-3,-7,-5,2,-3,-4,6,1,-6
0,10,-23,-28,-13,-5,9,-45,-15,-17,7,13,-24,-19,14,-39,-11,5,-1,-1,-9,14,98,43,-3,-17,5,24,13
0,-17,-15,-26,-15,-23,-6,-28,-13,-17,14,20,-25,-9,0,-4,-10,-21,6,7,-21,24,102,37,-5,-16,12,10,27
0,-30,-10,-41,-5,1,9,-15,-5,-33,1,15,-31,-5,0,-19,7,10,-14,1,-18,18,97,31,-5,-15,13,25,-5
0,12,-16,-39,-13,-2,-4,-27,-10,-18,7,19,-27,-10,-5,-15,-16,-19,17,1,-12,24,93,32,15,-15,15,6,-9
0,-2,-10,-31,-6,8,4,-11,-12,-14,5,4,-25,-4,5,-23,-5,-11,-4,3,-12,23,89,31,-7,-12,17,0,12
0,-13,-16,-46,-1,-7,7,-28,1,-12,-2,8,-20,-5,4,-16,-9,9,5,-1,-17,11,91,16,2,-9,19,2,-2
0,2,-13,-16,-10,-7,11,-27,-9,-16,11,-11,-12,-16,5,-26,-1,-7,2,-7,-7,24,90,30,-2,-4,-6,7,24
0,-7,-11,-30,-2,-18,8,-28,1,-2,5,11,-28,-10,2,-7,-12,8,-6,2,-7,14,91,21,-4,-9,8,-4,8
0,0,-23,-27,-4,0,5,-29,3,-21,4,6,-15,-9,-3,-2,-1,13,-9,-5,-18,24,92,23,-6,-6,5,4,-8
0,-7,-3,-42,16,-3,-13,-12,-5,-7,-13,3,-19,5,-10,-12,4,-20,-10,3,-4,29,77,17,11,7,4,-11,8
0,-25,-12,-22,2,0,7,-28,-8,-7,4,2,-16,2,-6,3,5,-5,-2,6,-11,4,84,4,6,-10,5,0,-13
0,-16,-16,-31,10,-1,-3,-11,4,-11,-1,10,-3,7,-3,-12,-7,6,-6,-2,-24,7,75,9,-4,-4,9,-3,10
0,-6,-8,-34,18,6,4,-10,1,-9,7,4,-5,-6,-9,-4,-6,11,-10,-1,-19,-2,73,8,1,-4,5,-8,12
0,-3,-13,-21,3,3,0,-13,-9,-8,9,-11,-3,-12,6,-21,-8,-1,2,0,-3,9,72,29,-6,-5,3,-2,3
0,-27,-25,-12,3,9,-11,-4,-16,-9,-5,-7,4,-7,7,-10,2,-15,-5,3,-10,29,74,24,11,5,4,-8,14
0,-6,-11,-25,8,-11,3,-12,4,-23,16,3,-21,-6,-1,-5,6,9,-12,-5,-3,9,75,22,-1,-13,6,-10,-4
0,-2,-15,5,-7,-2,7,-17,-10,-7,-5,-8,-9,-25,4,-2,-7,-18,6,4,0,22,69,25,-13,3,-6,5,-16
0,-2,-6,0,10,-5,-3,-16,-5,-14,3,-1,-8,-10,-3,-6,-3,-21,2,-2,-3,11,77,8,9,-8,-3,-7,3
0,-33,-5,-17,5,12,6,9,-8,-12,-19,8,-11,3,-14,0,1,-9,-7,6,-15,13,76,-6,5,-5,-12,4,14
0,4,0,-37,12,9,-4,9,-12,0,1,3,3,-4,-8,-12,-8,11,-10,-7,-3,1,60,2,3,-9,4,0,-13
0,-4,-16,-5,-8,-7,-3,-9,-6,-8,0,15,-1,-9,-7,-19,0,-24,11,4,7,17,54,16,-2,-3,-7,7,-2
0,-12,3,-25,12,13,0,11,-7,4,-4,2,-3,1,-6,-1,4,0,-10,-5,-12,3,60,-4,7,2,-2,10,-23
0,-10,8,-19,0,-5,-3,4,0,-2,-6,3,-6,7,-9,6,-15,-10,-9,11,-11,15,68,3,4,-11,-5,-3,1
0,-1,-5,-11,1,-5,-3,-7,-13,-1,6,4,-2,-3,3,-2,-2,3,-12,-1,-9,1,60,9,-6,0,-3,-8,-1
0,-3,-15,-17,1,1,-7,-1,-1,-6,-3,-5,-9,-4,-2,0,-11,3,4,2,2,5,60,7,3,0,-18,5,-3
0,-4,-5,-29,1,-8,2,2,-1,-13,4,3,-8,4,5,-12,-2,7,-9,-8,0,1,38,-1,1,-1,3,2,4
0,13,8,-2,19,17,-24,19,-8,9,-21,-19,15,5,-16,8,-12,7,-12,-11,11,0,51,-13,-4,10,-14,-33,1
0,-15,-4,-8,-26,-17,-3,-13,-7,-2,7,12,-24,3,9,11,5,-36,4,3,-7,1,68,6,18,-12,11,1,12
0,-86,-112,-155,-69,-106,6,-83,-63,-62,13,58,-47,-41,55,-65,11,-88,9,12,-89,32,-49,48,3,-17,90,110,99
0,-113,-100,-157,-73,-92,-6,-86,-56,-61,20,49,-39,-31,47,-79,15,-95,25,34,-69,16,-43,36,-7,-26,95,106,101
0,-92,-108,-154,-76,-90,8,-72,-54,-62,9,53,-36,-38,48,-89,22,-80,15,31,-79,27,-44,41,-4,-20,89,111,78
0,-73,-97,-151,-58,-67,2,-57,-45,-58,14,43,-45,-19,37,-80,10,-64,5,21,-74,13,-19,27,16,-23,74,98,84
0,-74,-82,-101,-60,-51,17,-63,-35,-38,28,56,-10,-8,56,-45,18,-51,9,35,-42,42,2,60,4,-11,91,115,109
0,-108,-100,-140,-70,-71,-1,-75,-67,-61,20,47,-41,-15,41,-79,13,-88,30,26,-67,13,-40,39,2,-13,88,96,92
0,-46,-73,-83,-64,-42,21,-65,-31,-23,22,62,-7,-19,52,-33,23,-45,24,39,-55,40,1,54,6,-1,78,80,74
0,-86,-103,-146,-62,-78,14,-83,-56,-50,15,51,-33,-33,46,-67,17,-82,17,21,-69,22,-33,33,0,-29,74,80,101
0,-49,-66,-94,-38,-43,12,-46,-37,-37,31,48,-23,9,45,-57,35,-61,24,29,-53,27,-3,47,23,-11,82,96,80
0,-42,-81,-112,-52,-61,25,-54,-23,-41,35,62,-12,1,62,-66,36,-60,14,18,-53,29,6,54,9,-16,96,95,95
0,-34,-56,-109,-50,-45,14,-37,-46,-34,23,55,0,5,56,-49,33,-23,13,20,-56,28,10,54,5,-2,65,82,58
0,-36,-89,-117,-49,-55,14,-48,-26,-32,27,48,-7,7,53,-41,28,-35,19,30,-65,33,11,66,21,0,81,90,78
0,-22,-66,-124,-66,-46,18,-55,-24,-22,31,57,-13,-30,53,-26,28,-23,31,9,-56,42,-1,51,21,5,69,73,67
0,-29,-75,-106,-48,-56,13,-39,-32,-30,31,80,-13,1,57,-49,38,-63,16,22,-64,23,8,53,15,-15,77,97,72
0,-36,-58,-109,-54,-36,34,-45,-27,-48,31,59,-8,-12,52,-27,32,-23,16,23,-57,25,10,40,14,-12,64,77,74
0,-51,-75,-127,-47,-51,23,-52,-24,-44,35,51,-10,1,60,-46,45,-25,17,31,-52,38,-4,46,15,-10,83,83,72
0,-35,-68,-99,-63,-47,25,-76,-24,-20,22,56,-12,-13,48,-36,13,-27,27,28,-39,39,-6,58,9,19,75,71,64
0,-53,-69,-79,-38,-46,22,-42,-22,-45,29,43,-8,-1,60,-44,38,-45,15,29,-53,32,12,51,14,-13,51,57,70
0,-40,-65,-109,-40,-47,12,-47,-18,-29,38,43,-4,-8,47,-38,37,-26,19,29,-52,28,11,46,0,-5,61,68,60
0,-24,-57,-116,-59,-46,26,-46,-31,-31,36,61,-24,-9,50,-49,35,-25,26,20,-73,32,-3,51,12,-12,75,84,77
0,-29,-90,-95,-61,-56,28,-72,-18,-26,30,57,-7,-12,60,-29,25,-61,31,34,-69,46,6,65,7,-6,77,71,81
0,-37,-56,-91,-41,-44,20,-40,-37,-35,30,50,-2,6,43,-45,35,-64,24,28,-57,35,15,58,15,-16,72,64,57
0,-53,-77,-109,-36,-58,29,-56,-24,-34,34,71,-3,9,44,-49,29,-58,30,32,-62,28,3,51,24,0,73,74,75
0,-26,-73,-80,-64,-39,29,-74,-18,-17,34,41,-6,-29,53,-40,18,-34,27,37,-43,33,-6,57,18,1,57,51,65
0,-26,-63,-77,-55,-35,18,-56,-32,-33,36,34,3,-5,52,-38,44,-63,20,28,-47,37,10,49,14,-4,52,52,52
0,-43,-77,-95,-45,-50,38,-33,-38,-32,34,48,4,9,54,-59,54,-60,19,26,-68,32,6,52,17,-12,69,58,67
0,-49,-76,-88,-55,-38,29,-58,-18,-28,41,48,-2,2,35,-37,30,-42,22,34,-59,36,6,52,20,-5,55,51,65
0,-32,-70,-106,-57,-51,20,-48,-17,-32,43,48,-12,1,53,-41,37,-32,25,42,-61,40,12,46,14,-3,56,66,54
0,-47,-59,-114,-45,-46,21,-37,-31,-35,38,57,-15,3,60,-50,39,-27,31,34,-57,26,-5,49,22,3,64,63,59
0,-43,-82,-128,-48,-47,21,-75,-22,-21,24,52,-9,-4,49,-33,37,-25,38,19,-59,40,-4,71,25,8,62,61,64
0,-54,-76,-103,-49,-53,38,-55,-12,-35,44,73,-11,1,51,-35,30,-48,25,21,-55,35,-6,46,21,-16,54,66,77
0,-31,-74,-102,-51,-51,9,-65,-26,-22,46,50,-11,10,54,-26,35,-41,40,35,-57,43,5,54,16,-2,41,55,39
0,-46,-61,-91,-36,-38,27,-49,-23,-32,42,52,-1,10,37,-33,31,-24,16,25,-44,27,12,41,9,-6,44,45,64
0,-27,-82,-125,-48,-54,42,-39,-27,-22,37,55,-7,10,48,-34,34,-32,23,26,-53,45,-5,56,26,-10,58,51,58
0,-65,-72,-106,-38,-59,38,-66,-24,-28,42,58,0,-5,37,-36,37,-38,36,39,-47,40,1,49,23,-7,38,56,62
0,-28,-71,-86,-43,-40,30,-43,-29,-18,38,36,9,5,46,-32,45,-35,19,23,-48,35,19,23,27,-17,37,46,33
0,-30,-70,-90,-47,-34,18,-50,-20,-20,41,34,12,2,40,-30,36,-12,18,31,-60,39,17,37,34,-7,45,35,34
0,-26,-47,-92,-51,-25,24,-37,-16,-33,40,33,5,2,36,-23,26,-11,17,27,-43,31,18,37,10,-9,40,36,22
0,-47,-69,-88,-39,-42,26,-54,-18,-16,30,38,-4,10,33,-30,35,-46,34,30,-52,36,12,37,35,14,31,34,48
0,-31,-50,-78,-42,-30,34,-36,-17,-21,34,22,-1,8,26,-41,41,-31,19,20,-26,28,20,19,15,0,30,25,34
0,-28,-58,-91,-53,-31,26,-44,-18,-13,28,38,1,1,35,-33,24,-35,31,38,-32,32,6,34,23,9,30,31,34
0,-27,-55,-79,-38,-32,12,-42,-14,-18,32,25,7,16,20,-24,30,-16,19,31,-41,21,27,29,27,8,33,28,31
0,-24,-69,-82,-37,-46,27,-50,-7,-20,25,30,13,6,35,-14,24,-44,29,30,-38,29,20,30,31,4,30,23,35
0,-31,-56,-70,-23,-28,20,-32,-21,-26,12,25,11,24,28,-33,36,-38,36,31,-37,21,21,17,27,5,19,22,24
0,-37,-62,-66,-30,-38,29,-41,-14,-24,19,32,18,0,36,-24,15,-27,17,22,-53,33,28,22,33,-6,24,24,42
0,-25,-68,-73,-42,-29,22,-51,-17,1,18,28,7,0,31,-17,21,-35,25,25,-44,37,9,27,24,16,27,18,47
0,-29,-49,-100,-37,-32,34,-32,-11,-13,15,28,8,19,23,-25,34,-23,17,27,-39,20,10,17,31,6,25,46,33
0,-24,-56,-71,-25,-32,20,-29,-14,-20,19,19,10,17,24,-16,18,-32,19,29,-42,18,22,20,20,6,18,19,28
0,-26,-51,-75,-22,-25,12,-31,-8,-9,13,22,9,15,21,-12,34,-36,15,21,-41,17,24,22,25,13,14,20,25
0,-29,-56,-98,-26,-39,15,-50,-11,-2,15,17,14,15,21,-15,18,-8,27,18,-39,25,12,22,26,22,49,15,32
0,-26,-61,-99,-36,-28,25,-20,9,-1,13,29,5,19,24,-29,17,-12,28,27,-36,19,8,10,19,19,20,28,27
0,-20,-55,-75,-46,-23,15,-36,2,1,21,5,8,0,11,1,25,-16,16,20,-24,23,13,18,30,31,25,4,15
0,-20,-39,-97,-13,-25,10,-22,-11,-4,16,14,3,21,17,-15,27,-5,10,14,-38,22,11,14,17,13,26,19,28
0,-2,-37,-69,-29,-16,24,-17,-1,-16,18,11,2,16,19,-18,33,-33,10,13,-19,12,22,9,11,2,18,12,6
0,-31,-36,-78,-23,-29,6,-25,-19,-3,18,15,19,13,16,-18,14,-23,30,27,-29,28,9,15,11,8,19,23,23
0,-8,-39,-93,-15,-14,11,-14,-10,-7,8,5,7,22,10,-16,9,-6,19,15,-22,14,16,18,23,14,20,17,12
0,2,-30,-84,-13,-9,6,-17,-16,-1,10,6,10,23,4,-22,19,-6,16,24,-31,4,18,9,22,16,15,13,18
0,-13,-50,-67,-34,-20,18,-30,-17,-1,14,26,6,9,18,-13,22,-27,14,13,-26,21,10,24,10,12,30,10,27
0,-4,-34,-50,-8,-8,1,-17,-5,4,4,3,13,12,20,-9,14,-27,0,8,-19,15,29,17,5,12,2,11,8
0,4,-49,-107,-8,-29,22,-31,4,-6,15,20,8,13,14,-1,9,12,26,13,-29,12,4,15,6,20,13,14,20
0,-14,-25,-74,-20,-10,20,-8,15,-13,16,21,1,12,10,-16,32,27,2,1,-32,3,10,4,12,-4,12,2,14
0,-11,-26,-68,-12,-2,20,-16,26,-7,3,7,17,0,6,-11,8,20,-8,7,0,3,4,0,3,9,13,-1,18
0,4,-20,-59,-15,-10,6,-7,1,2,12,11,14,9,9,-16,6,-20,2,4,-26,14,10,21,-1,-1,6,23,-3
0,-6,-42,-66,-18,-14,10,-14,-10,6,3,11,15,13,20,-11,22,-34,16,6,-30,11,9,15,13,11,12,14,15
0,-8,-34,-84,-3,-11,20,-13,7,-7,6,4,9,15,10,-5,5,-1,17,8,-21,20,3,4,4,12,8,23,4
0,-5,-65,-48,-7,-31,5,-38,-7,11,-9,-1,12,10,31,9,6,-14,19,10,-31,12,8,5,24,17,22,16,15
0,-9,-16,-36,0,1,12,-30,0,2,-5,-4,2,-3,2,-1,-5,-11,14,4,2,5,20,10,8,25,-11,5,1
0,11,-52,-78,-17,1,9,-16,-10,3,15,14,2,10,2,-1,1,-6,13,14,-28,6,-3,11,8,20,33,14,12
0,8,-24,-69,-5,2,-2,7,-5,2,20,-3,4,15,-8,-8,4,7,10,8,-23,4,14,7,1,13,4,5,4
0,3,-31,-71,-9,-3,13,-11,7,6,12,8,-4,9,4,-7,0,13,2,4,-27,9,-2,6,14,5,12,16,11
0,-6,-36,-49,-22,-4,19,-4,3,3,5,5,6,1,10,13,6,-2,2,6,-4,16,-7,10,-3,12,22,16,-1
0,-5,-33,-79,-1,-3,7,-9,4,8,-1,9,-3,1,2,4,-2,13,13,14,-15,4,-6,8,-1,11,14,19,17
0,-1,-29,-46,-7,-2,18,-6,2,-5,21,18,5,8,0,2,11,-17,-4,-1,-17,3,8,9,-1,-1,18,7,23
0,-8,-25,-35,-15,11,7,-8,2,-2,6,6,6,2,-4,2,9,1,4,3,2,4,1,4,-4,3,10,11,-1
0,-15,-21,-59,8,1,11,8,-1,-6,4,-2,0,17,-9,9,2,11,-4,11,0,1,20,-6,0,8,-5,2,16
0,-7,-23,-58,-6,-21,8,-10,-5,7,4,4,8,4,15,8,6,-14,5,4,-11,9,-5,3,-6,5,22,6,13
0,8,-20,-77,1,7,2,-15,9,-1,10,7,11,3,13,5,6,5,-6,-8,-14,14,6,5,12,0,-1,6,-3
0,-3,-22,-68,4,-3,12,-8,10,-6,2,21,-1,3,1,-4,8,1,7,10,-8,0,-3,5,7,8,13,-3,12
0,6,-12,-44,-5,-4,10,2,2,5,2,-3,7,5,-2,-4,3,-14,-3,6,-4,9,-5,-6,-1,10,-5,21,36
0,13,-8,-55,3,-6,3,7,-4,4,4,-5,1,18,5,-7,5,21,-9,-2,-12,-7,15,12,7,-9,9,3,-3
0,5,-27,-51,4,-3,6,-8,4,5,-6,3,1,-3,7,-5,-1,4,-1,5,-2,7,2,0,10,12,16,10,7
0,11,-9,-60,-7,19,-2,0,1,9,3,4,3,-9,-7,9,7,14,12,10,10,4,-10,-1,-1,6,-4,7,1
0,-9,-2,-44,2,0,-1,3,-5,-1,-1,1,-3,4,10,2,9,-12,1,-1,-9,1,14,1,5,-1,10,-2,7
0,4,-16,-31,-4,6,1,-11,1,10,-1,0,6,-7,-1,10,-4,3,6,6,6,6,-3,12,1,16,-5,-2,-8
0,3,1,-38,-6,3,-14,11,8,1,6,-7,0,11,2,-5,20,20,-3,-7,-4,2,4,1,0,-1,2,6,-8
0,17,3,-12,11,-3,-8,-4,-5,18,-6,-11,3,13,8,-3,-4,-9,8,-4,-3,1,16,-3,-9,-5,-2,-5,-13
0,-18,4,-25,15,5,6,7,-1,4,4,6,-5,7,-11,4,8,-21,2,4,1,-5,16,-11,9,2,-10,-2,5
0,18,-3,-43,0,1,-3,-10,-15,7,0,-12,2,7,6,4,-11,6,1,5,2,-4,-5,0,4,7,9,10,0
0,-4,-14,-30,-1,2,1,-8,-4,-2,5,-2,7,-11,8,4,0,-12,2,1,2,2,4,3,19,6,3,1,-14
0,-14,0,-47,10,10,10,8,3,-2,5,12,-4,8,-18,-4,1,7,2,14,5,-19,-5,3,-3,-3,-6,0,25
0,-3,-10,-38,-1,2,2,-7,-4,7,6,4,3,-11,-3,6,3,13,3,4,6,0,-1,-7,7,2,8,-10,12
0,5,-5,1,-4,9,1,-11,-5,2,3,6,-3,-4,2,4,-2,-5,-7,18,12,1,12,2,1,-5,-2,-4,-15
0,11,-3,-50,1,4,5,-5,4,10,3,7,2,-8,-4,10,-1,-3,5,11,5,-8,-18,6,1,16,2,1,5
0,-4,-15,-44,8,-5,1,-9,-2,2,-2,7,0,7,-14,-4,8,-3,5,10,2,7,9,-4,5,0,3,10,4
0,-4,-14,-38,3,-1,6,-19,-10,9,3,8,0,-1,4,-5,-9,-2,14,9,8,8,-19,8,5,10,1,7,7
0,2,-19,-43,5,6,7,9,-4,5,5,5,3,11,4,-5,6,1,1,5,0,-8,-10,-6,2,3,1,-6,8
0,19,5,-21,-17,10,-1,-1,-4,13,20,-2,15,-3,5,1,8,-13,10,-1,-14,12,6,4,-9,-7,-4,-8,-20
0,4,8,-11,-9,9,-1,3,-9,2,14,3,7,-1,1,8,6,-18,-3,1,-6,4,1,-5,-3,-8,-2,9,10
0,3,-8,-22,-6,8,-5,3,1,-3,10,7,7,5,2,-3,3,-11,-4,-3,-2,5,5,9,-3,3,3,-5,-3
0,3,8,-24,7,5,8,-2,-3,-10,10,4,0,3,10,-3,1,-9,-2,-2,2,-3,1,8,2,-7,10,1,-4
0,7,11,0,-9,12,-2,-12,1,15,8,-17,13,-15,12,14,-10,4,-6,4,17,1,-6,4,-11,3,1,-11,-6
0,19,17,-24,10,12,10,11,2,5,-4,10,-15,2,-5,-8,4,28,-3,-2,-3,-21,9,0,1,-15,4,-11,-40
0,-17,-3,-9,-3,7,7,-9,14,3,12,-4,7,-8,4,11,-15,9,-6,0,10,10,3,8,-9,0,-9,3,-2
0,1,-10,-17,7,-3,8,-25,11,-2,-8,3,-4,2,8,13,-4,16,-2,9,3,-9,-15,4,7,8,-1,0,-6
0,-9,-2,-1,13,-5,11,-11,-4,8,1,-2,-5,3,11,7,3,-1,-9,1,10,-6,0,-2,-5,4,-5,3,16
0,22,-2,0,15,14,-2,12,1,5,-1,-10,-2,4,-12,3,7,14,-5,-1,-5,-9,9,-1,-12,0,0,-5,-7
0,-16,-4,-19,0,0,4,9,1,0,19,-9,-3,5,3,14,3,9,-2,6,-3,-2,-1,-2,0,-12,6,-8,7
0,-2,-3,-5,0,2,-4,-11,-5,1,-2,1,-2,-13,3,13,4,13,10,-1,13,-1,-7,-8,5,4,-8,3,-6
0,-5,17,8,15,2,1,5,-3,-1,17,-3,6,-5,-1,7,0,-6,-13,-12,5,-4,1,2,-9,-3,5,-19,-15
0,5,8,18,-6,-2,-3,-1,-1,16,2,3,5,-7,-3,32,-2,-3,-7,-7,6,-2,-6,1,-1,-8,-20,-9,-14
0,19,0,-27,9,-10,2,7,-1,-2,-8,3,-5,1,-1,42,9,7,-2,-5,0,-18,3,-12,-11,-6,-1,9,-9
0,-6,-8,-22,-16,-14,-9,-10,-16,-14,-2,1,-7,-9,20,161,51,-28,6,14,-10,-7,-19,-15,-31,-1,-5,-1,-6
0,5,-1,-11,-8,-13,-10,-1,-19,-6,2,-2,-12,-11,22,163,48,-26,-8,-4,-3,-12,-15,-17,-19,-24,-13,-9,-2
0,16,-4,-33,-5,-19,-12,-20,3,-7,-1,-4,-5,-1,24,167,50,0,-12,-6,-16,-15,-20,-11,-14,-13,-2,-1,-12
0,5,-11,-34,-4,-9,8,-10,-9,-11,-7,-6,-14,-5,25,173,50,-14,-6,-5,-20,-14,-21,-10,-4,-7,-10,1,-3
0,-1,-1,-14,-22,-8,-15,-4,-16,-5,0,6,-12,-18,15,161,46,-20,-14,-11,-13,-1,-27,-1,-20,-14,3,-10,9
0,-8,5,-38,-2,-17,-7,-3,-12,-1,-8,-11,-8,-11,7,162,43,-7,-9,-4,-10,-7,-3,-7,-16,-14,-1,-1,-29
0,-2,5,-6,-12,2,-14,6,0,-14,3,-10,-3,-1,15,160,31,-28,-9,-14,-16,-10,-7,-14,-17,-24,-1,-11,-16
0,-13,1,-4,3,-7,-16,8,-11,-7,-7,-13,-5,-9,5,165,37,-19,-18,-15,-5,-7,-4,-15,-7,-19,-10,-12,-3
0,9,-9,-24,-12,-14,-7,-9,7,-2,-5,-7,4,-13,12,147,41,-3,-8,-9,-18,-7,-6,4,-12,-8,-3,-7,-6
0,0,14,-11,0,-6,-11,-3,-16,-21,-15,-12,-6,0,10,157,35,-4,-16,-14,-8,-2,-3,-10,-6,-13,-3,-3,-5
0,-7,-7,-29,-4,-6,-5,-8,-11,-7,-1,-4,-4,-10,14,159,22,-8,-6,-7,-20,-10,1,-8,-6,-12,7,-8,6
0,11,-8,8,-24,-9,10,-6,-4,-14,-21,-8,1,-19,-8,150,35,-17,-25,-13,0,2,-6,4,-6,-14,-21,-14,0
0,-28,-6,-16,9,-9,22,1,-1,8,8,22,-1,3,-6,-10,-14,-30,20,26,8,-13,-103,-18,10,12,28,30,27
0,-12,2,9,-5,10,16,-5,15,-1,0,3,-4,-11,-32,-21,-31,3,12,8,20,5,7,12,-5,16,-5,-1,2
0,2,6,-8,20,9,4,9,2,-3,-6,-6,4,13,-9,-25,-13,11,-7,5,10,2,15,-6,-7,11,-6,-5,-2
0,1,1,14,-1,6,1,0,-1,0,0,5,6,3,-10,-25,-9,-13,1,5,6,0,6,6,6,-1,0,-12,-3
0,-15,9,2,10,11,5,17,7,11,10,6,-4,8,-3,-26,4,-8,8,11,5,0,-112,-12,2,4,8,14,20
0,1,17,-12,16,-9,15,2,5,11,-3,11,8,1,-3,-10,-8,25,9,8,6,-18,-99,-39,6,6,23,14,12
0,-25,-15,-16,13,0,21,3,1,9,0,16,-2,9,-5,-16,-4,2,13,15,11,-7,-100,-18,6,17,11,22,17
0,13,14,16,-21,17,-6,9,9,1,-5,8,-1,-1,-14,-17,-19,8,4,-5,16,1,4,9,4,10,-8,-24,-18
0,4,8,-10,9,11,-1,16,4,0,-10,-10,3,15,-19,-5,-19,23,-2,-1,7,10,16,6,8,1,-8,4,-37
0,-5,8,9,13,11,5,16,7,-8,16,-5,12,3,3,-12,0,-14,8,13,5,-12,-97,-29,14,8,3,11,11
0,-5,7,21,5,5,6,0,3,15,6,3,3,1,-11,3,-6,2,21,6,18,-23,-86,-31,7,13,5,-4,-1
0,-3,18,27,-6,31,2,0,15,17,15,-2,16,-1,0,0,-3,3,7,-1,13,-9,-98,-25,5,0,-5,-15,-6
0,-3,14,16,15,12,9,24,-1,7,6,-13,7,25,1,-19,8,-12,7,5,-2,-5,-85,-28,10,-2,-8,-4,6
0,0,17,20,-4,23,-7,7,14,8,19,10,2,-4,-8,3,-3,4,-3,14,13,1,-88,-18,3,12,-2,-4,-5
0,-19,-1,9,1,7,6,-5,13,16,3,0,7,3,10,9,2,-10,9,6,10,-9,-92,-21,-5,12,1,1,7
0,1,-4,7,4,-6,6,1,8,7,17,2,6,6,2,-4,-1,-12,4,5,7,-19,-84,-14,6,5,7,11,12
0,-4,5,-15,3,3,6,2,12,23,4,10,3,0,5,0,-9,13,1,11,11,-20,-89,-10,-9,6,8,12,12
0,-20,-10,10,2,10,10,11,9,1,9,1,13,12,-9,-1,-3,-9,1,8,2,8,-85,-12,-4,5,8,22,10
0,14,6,-4,21,13,0,15,-1,10,5,-2,4,17,-2,-5,7,23,-2,-2,-3,-14,-79,-14,13,4,1,-4,5
0,4,15,6,16,7,-2,15,11,-5,12,2,7,8,9,-3,2,19,-4,-12,-6,-2,-69,-16,-3,-2,-7,-3,18
0,11,0,-4,-1,13,6,0,7,15,3,2,5,12,13,0,6,11,-9,-6,-2,-3,-83,-5,15,-5,-3,-2,5
0,6,15,20,-3,6,-13,8,0,7,2,9,-7,11,-9,-9,8,-2,-1,4,-3,-4,-58,1,-1,-4,-3,2,-7
0,2,10,6,13,11,6,7,9,4,-4,-3,7,0,-1,6,-15,16,4,2,-1,-7,-75,-18,3,20,2,2,-14
0,-22,15,4,1,1,7,24,9,13,-5,-6,0,15,2,7,1,17,0,-4,-1,-4,-65,-16,-2,9,6,-6,7
0,17,0,4,-8,-4,6,1,-2,22,-1,10,-1,3,6,-3,-5,-3,9,-2,-2,-3,-75,5,9,13,8,-3,-3
0,0,-8,-11,12,-7,8,9,1,13,2,16,7,5,11,-19,0,20,4,-3,-6,-17,-72,0,17,-3,18,5,1
0,6,1,-2,-3,5,0,-1,-1,12,9,10,13,-3,-1,6,-1,13,1,-3,15,-11,-48,-7,-2,18,-2,-4,0
0,6,15,20,18,-2,-2,15,-2,-6,16,5,-2,7,1,-15,2,-9,-1,-5,-12,7,-61,6,5,-5,5,0,-3
0,-2,2,-2,15,1,2,5,7,5,6,0,6,5,11,4,4,25,0,-12,-7,-9,-65,-8,1,4,6,-8,3
0,-9,6,3,21,-8,3,-3,8,14,-16,4,4,-2,-9,-1,0,5,0,14,3,-5,-45,-6,-2,4,1,3,6
0,-29,-16,13,0,-10,5,-11,1,12,-2,4,9,-3,12,-7,11,-21,11,9,3,6,-57,11,8,-1,14,4,11
0,-3,-8,-16,1,-3,5,11,-3,7,-1,4,1,-4,7,-4,-7,11,-4,3,4,7,-60,5,6,12,-3,11,14
0,-1,1,19,-8,1,-6,12,-1,5,7,-3,-1,-3,-5,4,0,-19,14,-1,12,4,-55,5,0,1,-11,2,-5
0,11,2,-11,-2,4,3,-14,4,9,-4,6,1,-1,14,-3,1,7,3,3,7,-8,-63,2,-7,5,4,3,10
0,12,-6,-21,7,-8,1,-4,-5,1,-3,-4,-3,10,2,1,-2,6,4,8,7,0,-55,-6,8,6,7,5,28
0,1,-29,-4,-14,-24,-1,-13,-23,2,-8,-2,-4,-14,35,168,54,-14,11,-3,-2,-17,-67,-7,-3,-5,-1,-2,-7
0,-2,-1,-31,-5,-12,-3,10,-14,-26,6,11,0,12,29,156,40,-10,-7,-10,-27,-6,-69,4,-6,-13,1,-1,-24
0,1,-7,-17,-9,-8,-11,-13,-13,-6,-10,-9,0,-18,35,176,48,-6,-2,-8,0,-10,-59,-5,-9,5,-12,-5,-20
0,-6,5,22,-8,-3,-3,-4,-6,-14,-3,5,-11,-8,11,182,49,-34,-6,-6,-9,-13,-58,-12,3,-15,-18,-18,-25
0,-13,0,-6,-21,-5,-4,1,-11,-19,-1,5,-14,2,13,165,55,-33,0,-8,-13,-1,-54,-2,-19,-11,-14,6,-28
0,3,4,-13,4,-11,-16,8,-5,-24,-9,-22,11,6,29,173,38,-3,-2,-7,-11,-4,-60,-5,-1,-5,-19,-18,-11
0,-2,-12,-13,-9,-10,-4,0,-4,-14,3,-12,1,-3,10,162,47,8,-15,-17,-13,0,-55,0,-15,-3,-7,-11,6
0,-6,1,14,-12,-12,-11,-14,-1,-9,-7,-18,-6,0,22,165,45,-22,-4,-9,-10,-6,-49,-11,4,-10,-11,-19,-3
0,-14,-4,5,-7,-17,4,-17,-10,-2,2,2,-17,-1,24,175,34,-16,-21,-7,-9,-15,-32,-7,-11,-23,-1,-9,-2
0,5,-8,-13,4,-6,-2,-26,-8,-5,0,-9,1,-6,20,153,34,-1,-4,-7,-13,-3,-54,-8,-12,-3,3,-8,-4
0,8,-23,-26,2,-29,-7,-12,-12,2,5,6,-12,-4,18,163,36,-1,4,-3,-12,-6,-43,-19,-18,-10,-8,-10,3
0,-14,-13,-21,-2,-10,-2,-4,-2,-16,-8,-1,-1,4,18,160,28,-2,-9,-7,-2,-12,-42,-12,-1,-5,-3,1,0
0,-15,-4,-21,0,-18,-9,-10,-12,-8,-4,-6,-17,-3,1,155,33,-11,1,9,-4,-2,-40,-5,0,-2,15,-3,9
0,6,-11,-20,-5,-10,-4,-18,-7,-2,-12,-17,-16,-20,4,158,44,12,16,1,0,-20,-32,-10,-6,8,-6,-13,-9
0,-7,-3,18,19,8,-1,7,-6,-14,-6,-22,-8,1,5,167,28,-19,-16,-18,-1,1,-36,-15,-13,-20,-16,-16,-12
0,8,5,6,5,-2,-6,0,-3,-1,-5,-25,-15,2,-1,156,28,5,-1,-15,-5,-12,-39,-11,-8,0,-22,-20,-10
0,-4,9,-5,5,-6,-8,-1,-8,9,-7,-10,-19,-2,3,159,25,7,-4,-5,0,-9,-34,-11,-13,-15,-25,-6,-5
0,-14,-25,-2,-8,-20,-12,-19,-18,1,-3,-10,-6,-2,8,158,18,-30,4,-3,-1,-5,-32,2,4,-3,-4,-2,-1
0,-2,2,19,-10,-4,-1,-12,1,-1,7,-3,-2,-8,-10,144,17,-23,-6,-11,-10,6,-28,6,-13,-19,-9,-9,-16
0,-4,-6,-3,-2,-14,-4,-8,-11,-13,-10,8,-14,-12,2,123,18,-34,-11,2,1,0,-25,-5,3,-8,1,-1,-1
0,0,-8,-13,-7,-1,-9,-8,-12,-8,5,-4,-13,-1,3,139,14,-1,-15,-7,3,-6,-18,2,-4,-8,-7,4,-2
0,-8,-24,19,-6,-14,-1,-12,-8,0,-15,-9,8,-11,4,138,14,-14,2,-3,-1,-10,-23,-12,-7,3,3,-10,-4
0,-3,-13,-17,-7,-12,-2,4,-21,-2,2,-8,-5,-3,0,144,11,-17,-1,-8,-9,-1,-22,-9,-7,4,1,3,-13
0,-18,1,26,2,-12,-13,-1,-16,12,-2,-2,-3,0,-4,136,1,-11,-15,-13,-1,-8,-14,3,-7,-13,-4,-21,5
0,-5,-6,17,3,-15,-7,-16,-5,0,-6,-10,-8,-13,-15,139,20,-16,-9,5,-1,-8,-16,-4,-14,-1,-8,-2,0
0,4,-5,-5,-6,3,-13,8,10,-3,-1,-11,2,2,-3,141,-5,11,-12,-6,-10,-14,-6,-8,3,-11,-10,-25,-10
0,6,10,-11,-4,-7,1,5,-10,-6,-15,-13,-14,3,0,132,1,-8,-1,-2,-10,-6,-15,-12,6,0,-5,3,-17
0,-9,-17,-25,-3,-11,11,-11,2,-1,0,2,-1,-6,-6,128,5,22,-15,-13,-13,-9,-17,-1,-2,-15,4,-2,6
0,-4,-8,3,-13,-7,0,-10,-7,4,-6,-3,-3,-15,1,123,-3,-16,1,-4,-12,-4,-24,8,-5,2,-2,3,-6
0,0,-22,-8,-7,-20,1,-13,-1,6,3,-8,2,-20,-5,126,4,19,-5,-13,-11,-6,-13,-9,-5,-4,15,-6,12
0,-2,11,-8,5,-6,-8,1,-10,-6,-9,-10,-11,-6,-5,126,2,8,-2,-10,-1,-11,-4,8,-5,-2,-8,-10,-12
0,11,-27,18,-11,-4,-12,-21,-14,-1,-2,-3,2,1,-2,118,-1,-13,0,-2,-5,-9,-15,9,-2,6,-1,-11,-1
0,-1,-8,0,-10,-3,2,-12,-10,-1,-2,-2,-3,-18,-6,120,-3,-10,6,1,-1,0,-1,-2,-10,-11,-4,6,-11
0,-8,4,-13,-14,5,-1,-8,4,-6,-3,6,-13,-22,-19,125,14,0,6,2,13,-8,-11,-5,-10,5,-9,-7,-9
0,-26,-1,15,9,-4,-12,5,3,-21,-4,-10,-5,-1,-13,122,-1,-12,-10,-7,6,-7,-3,4,0,-21,-4,-9,-2
0,11,1,3,-4,3,-16,6,-5,4,-8,-11,-1,-1,-3,118,-10,31,-17,-6,-3,-7,-13,-4,-4,-4,-14,-19,-14
0,-5,7,-6,2,-1,-5,2,5,-8,-1,2,-12,-11,-14,113,-6,21,-14,-7,2,5,-18,-2,-12,-14,2,-6,1
0,-15,-7,-20,3,7,-4,-14,-4,-17,-2,0,-15,-4,-1,113,-4,6,3,-4,-17,-16,-8,-8,6,-6,2,-2,7
0,-1,-12,-15,-4,-11,-1,0,-14,-11,-5,-6,-4,-1,3,108,-6,-7,-11,-2,-13,0,-10,6,-11,-1,5,0,4
0,2,-4,-6,-30,2,-10,-2,-2,-3,-2,2,-7,-30,-11,113,1,3,-3,-9,2,-1,15,0,-1,19,-8,-23,-9
0,-17,7,22,10,-5,-16,0,1,-7,-2,-9,-16,-8,-7,129,-1,-16,-3,-5,3,3,1,4,-23,-6,-9,-20,-18
0,3,8,4,3,-5,-5,-5,-4,-6,-6,-4,-11,-5,-4,113,0,15,-9,-4,-4,-9,1,-2,-6,-2,-15,-10,-7
0,-7,6,-1,2,-17,-12,5,16,-8,-1,-9,-6,-2,-7,105,2,5,-18,5,-9,1,-3,-2,-12,-4,-5,-9,0
0,-10,-8,14,-6,-11,-7,-14,2,-10,6,-1,-7,-13,-2,105,6,-19,0,3,-7,7,-8,-1,-12,-4,-4,3,10
0,-4,-2,-2,-3,-4,-1,0,-4,3,0,-3,1,-5,-1,102,-6,-27,-1,-2,-15,-5,-11,7,-2,-3,4,-4,2
0,0,-6,-12,-11,-20,-22,-5,-23,5,0,-1,-1,0,0,105,-2,3,6,5,-8,-2,-5,-6,-7,3,0,2,-4
0,-4,-10,0,-19,-9,-5,-2,-2,-12,3,7,0,1,-11,99,-2,-41,-6,8,-8,14,-18,3,1,-1,-1,8,13
0,6,2,-19,6,-6,-9,0,-11,-1,-5,-7,-9,-3,3,97,-11,10,-6,-3,-12,-10,1,-14,-1,-8,-14,0,-3
0,-15,-7,-27,-5,-7,1,-18,-2,-6,2,-1,-1,0,0,89,-6,-4,-1,0,-8,-5,-3,7,1,5,1,1,0
0,2,-15,5,-21,-4,-13,-2,-2,2,4,10,-3,-13,-16,89,1,-15,2,-9,-6,7,-8,-1,-5,3,1,4,-2
0,-9,-8,-14,-8,-15,9,-10,-3,10,-11,-12,3,-20,12,89,1,6,1,0,-1,-3,4,-7,1,2,-7,-1,-3
0,-13,-4,6,-5,-8,-10,3,-14,1,-3,2,-12,-3,-11,86,-3,-36,5,7,-5,5,5,-3,-21,1,-3,10,-7
0,3,9,-8,6,-14,2,-8,-4,7,-14,-2,0,-1,-3,98,-3,1,-5,-9,-7,-1,9,-11,-9,-3,-9,-4,-13
0,-2,1,-13,16,-4,-19,8,-15,0,-10,-11,2,7,-5,78,-4,12,0,0,-10,-8,4,-12,-8,4,-11,-8,-1
0,-1,-11,2,-8,-7,-9,-17,-5,-4,0,8,7,-1,-4,83,8,-15,9,-1,5,1,-4,-16,-3,0,0,-4,0
0,-11,-7,5,-7,-10,-10,-13,-2,-5,2,5,-2,-11,-11,76,12,-15,3,7,7,9,2,13,3,-7,-5,-4,-17
0,-19,-19,-3,2,-10,-2,9,5,-11,-4,5,-3,-3,-11,79,0,-26,-7,-2,-9,-6,-5,9,11,-8,-1,8,-10
0,4,-2,-18,-6,8,-5,6,1,3,4,5,-7,4,-11,85,0,6,0,-3,-2,-2,3,-7,-9,0,-11,-11,-6
0,-13,-12,-27,15,-10,9,-4,1,-9,-12,0,-17,-17,10,75,-1,1,8,8,2,-15,8,-6,15,0,-8,5,-1
0,-7,14,2,-8,5,-17,10,-5,-12,14,-11,-4,-7,4,70,-5,-16,-2,-2,3,14,1,-1,-2,-6,-21,-8,-6
0,-16,-10,1,0,-4,-5,-1,-8,-2,4,8,-2,0,4,62,4,-16,-10,-2,-7,3,-12,21,-2,-4,-7,13,-6
0,-5,-5,-1,-7,-12,-5,-20,-1,9,-2,-2,-1,-14,5,66,-1,1,-3,1,-2,1,3,-3,5,0,0,3,10
0,10,5,23,-3,13,7,-1,8,2,-19,-5,7,-8,-5,68,-4,1,-15,-20,3,-9,-3,-5,10,-14,-17,-22,4
0,-3,8,4,1,6,4,1,7,-6,7,-11,1,-13,-9,65,-6,8,-10,-13,0,-13,-2,-10,9,-11,6,5,-12
0,4,-12,-22,-4,-14,10,-26,-4,-11,-6,-9,3,-2,4,58,-4,9,3,-2,3,-7,-7,0,9,-5,6,0,9
0,-5,-14,-1,0,-10,4,-1,-4,-11,-1,-1,-2,-4,3,52,4,-13,-2,-1,-5,0,-4,7,-1,-9,2,0,5
0,-4,-6,0,-13,6,-2,-8,1,6,-11,-7,-2,-11,-4,66,-4,-2,-1,-5,8,-3,-7,-4,5,-3,-1,-1,8
0,-15,-8,-20,-1,-3,12,9,-4,0,-7,-4,5,-6,-1,52,-5,21,-14,-9,-9,9,3,-2,5,-8,-4,14,28
0,-4,-3,8,-3,-5,0,7,9,-13,-3,2,-4,4,-3,39,-3,-25,-4,0,-1,9,-3,14,4,-8,1,4,-2
0,-9,-4,3,-6,-1,5,-6,2,5,-5,-9,-1,-6,-8,52,4,2,-7,1,4,-5,21,-4,-3,-1,-7,-4,1
0,-6,-8,-1,0,-7,0,-6,2,-1,-1,1,-2,-4,9,47,-4,-10,-2,0,4,-3,-12,-8,3,0,-6,-1,10
0,-3,6,3,-2,0,-16,15,9,-15,12,-3,1,7,8,43,-15,-27,-5,-6,-10,6,8,9,-1,-1,-2,-12,-8
0,-18,24,8,13,-4,-2,12,-9,-11,-1,0,-3,6,-6,51,-5,-7,1,-5,10,1,6,-11,-2,-13,-2,7,-11
0,9,-2,-11,-4,2,-20,5,3,0,-12,-8,5,1,1,51,-1,18,0,0,4,-4,4,-7,-11,3,-12,0,-16
0,-1,4,-13,15,1,-4,10,-5,-4,-2,-1,-18,1,3,44,3,3,-4,5,6,0,11,-9,-7,-8,-7,6,-11
0,-3,11,1,-6,-2,-4,-17,5,-1,4,7,-5,-14,-7,30,-5,-12,4,-3,-1,-8,-7,11,1,10,2,7,0
0,0,-17,-2,-9,-4,2,-10,-4,3,10,-8,11,-7,0,40,-2,-12,0,0,3,3,-12,0,8,14,5,5,2
0,1,-9,-26,8,-8,-7,-16,-1,-12,-8,10,-11,-13,4,39,15,14,9,15,5,-6,7,1,-21,6,7,3,-5
0,-9,15,-20,4,10,4,-2,5,2,-1,11,1,-9,-2,38,3,25,-2,-13,-1,-4,8,6,-16,4,-2,-14,-15
0,4,10,-1,13,-1,-6,6,-2,3,-4,-10,-11,-5,-1,33,-5,18,-11,1,12,-7,0,-1,0,-2,0,-8,-3
0,-4,-1,-25,7,-4,-8,7,-1,4,-6,-4,-14,2,6,26,-4,2,0,0,-8,-7,-6,-3,10,0,3,8,9
0,14,-3,1,-11,-18,-14,-1,-8,-1,6,-7,7,-2,7,18,-12,-14,-4,-2,-7,2,-2,3,11,0,2,3,4
0,-4,0,-3,3,-7,-14,6,-7,-3,3,-10,-2,5,-1,14,0,-30,0,-2,-3,10,7,12,0,-2,5,12,-1
0,14,5,-7,-2,4,-6,1,0,-1,-1,5,1,1,-5,27,-10,16,-2,1,0,6,-9,3,-3,-2,-5,3,-13
0,-6,22,7,3,0,-13,8,-14,1,-16,-8,-8,0,0,19,12,-1,0,7,7,-1,9,-3,-7,5,-9,-8,-12
0,-2,-4,-1,-8,-3,4,-9,-6,1,-5,6,-2,-9,4,20,-2,-5,6,-2,4,9,0,-1,-2,7,-5,4,6
0,2,-13,-24,0,-2,3,3,3,3,5,9,-16,-1,-5,0,2,14,-5,2,-9,-3,1,0,11,2,-3,1,13
0,21,12,-14,-8,17,-7,-7,16,8,-6,-18,-1,-1,-7,20,-5,13,0,-1,19,-7,6,3,-5,-1,-1,-18,-19
0,14,19,7,-13,3,-3,7,14,-6,-1,3,10,-2,-4,10,-12,31,-11,-12,-2,3,3,-2,-8,-2,-1,-13,-16
0,5,3,6,-1,0,-14,15,1,0,-13,-6,8,4,-2,10,-2,16,-13,-14,-4,3,3,9,-5,4,-6,-4,14
0,-12,-15,6,4,-17,-3,-10,-2,5,-1,-4,-8,2,5,15,-4,-14,5,1,1,2,6,4,2,3,-7,2,0
0,-1,1,-29,-4,-6,-4,11,2,6,-4,13,-8,-8,-8,7,3,4,-1,9,-3,0,15,-7,-6,3,2,10,-8
0,-6,-3,-15,4,-3,-2,-4,10,9,-10,-5,6,-15,3,0,-1,14,0,-1,11,3,29,-2,-7,4,-8,-4,-6
0,23,-15,-13,5,-15,3,2,-13,-4,0,-4,-2,-11,6,9,-7,2,-2,3,2,2,10,-5,8,7,5,0,2
0,9,-8,-9,4,-10,2,-6,-2,11,-6,-3,-2,-2,6,9,9,11,-4,2,2,-12,9,-7,-4,-8,0,21,9
0,-54,-12,-34,9,-10,-1,-2,-6,-8,13,21,-22,1,21,-1,1,-32,27,25,-4,5,-35,-9,-10,10,33,31,27
0,-51,-3,-42,7,-6,2,7,-1,-7,4,17,-29,-5,12,-1,12,-12,12,19,-5,5,-36,6,-8,5,36,30,33
