1,13,-41,-93,-75,-107,-21,-1,-14,-45,14,29,17,-16,17,13,15,89,19,4,-11,12,98,31,0,-5,17,22,10
1,4,-29,-45,-46,-49,0,6,-8,-56,24,15,-104,-82,21,31,22,118,32,11,4,-2,-4,9,21,25,19,31,29
1,5,-34,-72,-63,-94,-17,-1,4,-48,21,2,-110,-89,25,29,24,111,11,21,-1,33,108,40,5,16,19,23,11
1,-3,-21,-52,-78,-84,-5,-50,41,136,69,25,-48,-37,-23,-146,-66,-31,-12,22,38,37,118,48,15,34,17,21,32
1,5,-15,-66,-21,-1,-6,1,-3,-29,9,-3,-65,-60,-7,5,13,76,17,0,-19,8,101,33,-15,-6,6,10,11
1,-11,-21,-49,-72,-78,-18,-50,15,136,66,11,-63,-40,-42,-163,-55,99,36,5,43,30,114,47,7,7,4,22,15
1,7,-25,-59,-83,-87,3,12,7,-31,13,10,-56,-53,27,25,11,20,-11,18,-14,20,112,40,10,16,22,16,17
1,-11,-7,-43,-94,-79,-6,27,33,17,22,34,65,69,-26,-143,-52,64,15,24,20,-6,-3,10,20,13,-2,25,8
1,9,-35,-62,-92,-98,-9,28,15,2,5,12,45,61,24,5,6,97,21,12,12,-18,-17,-8,-10,1,0,4,7
1,10,-5,-48,-104,-85,-28,7,-12,-16,-2,1,52,53,5,14,-2,89,1,-18,-11,26,118,24,-7,0,-18,-9,-16
1,3,-7,-30,-72,-70,11,49,29,-6,20,11,-51,-41,0,-79,-10,102,21,-6,1,3,52,11,14,23,16,4,8
1,-4,-35,-97,-78,-81,2,-10,4,-22,7,0,-65,-46,28,41,13,-41,-26,29,56,40,143,40,15,20,23,15,9
1,5,-43,-83,-86,-82,7,39,33,22,6,-2,-44,-51,16,21,7,89,23,6,41,-7,6,18,15,5,11,9,17
1,7,-49,-92,-89,-99,-7,34,20,-3,-2,10,-55,-47,16,18,8,91,20,7,33,25,138,26,5,5,-9,-2,-1
1,7,-20,-49,-2,18,7,11,8,-19,13,7,-73,-33,25,13,21,-17,-4,-2,10,-6,-4,9,11,8,7,24,22
1,11,-4,-52,-82,-81,0,4,1,-48,9,0,-32,-37,25,22,10,87,16,-10,-10,5,104,36,12,4,-1,14,13
1,3,-38,-75,4,8,-7,0,9,-17,8,11,-63,-51,13,22,5,87,10,-10,-11,-8,14,13,5,8,20,9,15
1,1,3,-11,19,36,-16,-87,-29,-20,21,14,-61,-35,-6,-94,-4,100,16,23,0,0,-1,24,13,17,29,18,25
1,-21,-33,-60,-79,-77,-7,-3,0,-10,17,19,-39,-42,21,28,17,88,14,4,11,7,31,25,22,10,12,13,8
1,-1,-29,-78,-73,-67,-13,20,10,-32,6,1,-89,-63,13,27,14,210,95,2,-26,-9,23,5,20,21,16,-2,9
1,0,-17,-83,-54,-66,3,43,37,-18,14,3,-47,-35,12,-44,12,105,13,8,7,-1,51,18,2,5,9,9,6
1,-2,7,-21,-45,-74,-4,9,5,-16,10,21,-33,-30,-16,-94,-20,9,-22,-5,9,33,130,46,21,24,13,17,9
1,3,11,-25,-24,-30,31,58,40,4,16,22,-64,-35,21,48,19,-185,-91,21,44,27,76,30,-38,-43,14,22,24
1,-9,-25,-71,-51,-62,2,8,8,4,17,14,-34,-8,-1,-88,-4,94,29,15,18,0,8,9,30,27,21,15,18
1,9,-2,-37,-54,-63,0,-6,14,-15,23,12,-41,-15,-11,-92,-6,86,17,8,12,33,124,32,-36,-44,8,14,19
1,9,-28,-70,-68,-57,9,17,32,89,29,16,73,79,7,6,10,38,-5,-6,28,-27,-11,-12,-62,-50,-17,-10,-10
1,13,-17,-37,-26,-47,31,33,33,27,9,-6,-18,-14,11,29,-4,62,2,20,33,-9,-1,-10,-45,-53,0,-5,-4
1,1,0,-10,-62,-62,-4,-18,-4,-22,-1,-2,-33,-13,20,28,9,33,-5,3,-7,16,90,25,11,6,-1,1,-3
1,2,10,5,-31,-41,8,42,60,75,17,6,-30,-2,13,29,3,-125,-51,18,42,2,35,1,-43,-63,3,3,-2
1,6,8,-1,-26,-48,25,28,14,7,-6,5,-20,-9,-11,-101,-6,151,58,-2,-11,-23,-34,-14,10,21,-4,-8,-7
1,5,-6,-28,-12,-26,15,44,20,7,11,34,72,69,11,25,2,-183,-97,7,-10,-10,11,-9,30,18,-12,-3,-13
1,3,-22,-72,-40,-46,-16,-99,-59,16,3,0,-21,-2,13,18,13,104,31,5,-5,16,90,32,18,13,1,7,6
1,9,-23,-67,-35,-32,12,41,5,-22,-7,-8,-19,-3,-4,-110,2,49,-1,18,31,22,88,19,12,18,6,11,0
1,26,14,5,31,32,12,34,13,-1,13,-4,-56,-21,0,9,-7,-148,-71,4,12,8,75,15,8,2,-1,0,-5
1,7,-4,-28,-20,-33,8,7,2,-15,12,10,-8,1,0,-89,-15,66,13,0,5,-2,46,5,12,19,-6,8,12
1,10,33,8,100,109,24,44,29,8,20,8,11,11,23,25,4,-198,-103,1,22,-12,-93,-20,-50,-60,15,11,10
1,9,-13,-43,-29,-49,-14,-101,-62,-8,9,30,104,104,7,11,8,8,-8,-9,-16,12,79,13,-7,-3,2,1,-20
1,17,-11,-54,69,83,32,46,56,106,19,6,93,105,6,9,-15,-253,-128,-13,-11,-40,-66,-30,-9,-9,-2,-7,-15
1,6,-6,-38,24,40,5,-7,-22,-7,-5,-3,84,74,-9,-27,1,-4,-10,-18,-20,2,48,0,-28,-20,-28,-12,-6
1,12,0,-54,98,103,14,46,73,175,46,-5,84,82,-9,-22,-32,-254,-121,-17,-10,-45,-86,-42,-9,-5,-18,-10,-5
1,-8,3,-11,66,61,-5,-86,-42,8,8,12,96,93,18,6,16,-121,-48,-27,-2,-26,-70,-10,16,8,1,9,8
1,13,-4,-39,-48,-66,-16,-17,-5,-23,-7,10,76,52,-6,-10,16,47,11,-12,-6,3,55,7,-22,-7,-12,8,-13
1,15,-6,-19,-26,-39,-4,-49,44,201,57,3,44,22,-1,21,-7,-122,-49,10,17,-12,-58,-19,12,20,-2,-6,-19
1,6,10,-4,201,289,47,41,55,84,9,-3,-37,-25,2,15,-11,-254,-87,9,17,-22,-120,-22,8,17,5,7,6
1,-29,5,0,-4,-35,-1,-64,-19,18,19,6,-33,-24,20,44,15,-192,-58,30,76,50,116,46,-32,-43,27,25,18
1,8,-15,-31,-18,-30,-2,32,4,8,16,10,79,83,15,12,16,-93,-36,5,1,-6,5,1,-46,-66,14,18,18
1,-21,32,20,85,104,28,55,2,-14,10,-6,-76,-80,10,21,30,-79,-23,21,32,-14,-97,-12,-40,-53,11,27,16
1,-2,14,-24,-12,-15,-5,-75,-25,35,25,25,3,-6,30,32,21,-45,-2,12,20,15,-25,7,-30,-34,15,22,14
1,-15,26,24,99,124,7,-34,0,-11,-4,10,-74,-76,10,17,22,-54,3,-8,23,-10,-72,-6,-32,-30,18,23,13
1,26,49,58,260,343,48,36,5,-21,-20,10,19,-4,-10,-5,-25,-230,-90,-15,-11,-18,-12,6,13,8,5,-1,-18
1,-19,13,-18,-9,-22,7,-70,-16,23,14,14,-16,-15,20,32,18,-55,-6,16,8,10,-17,9,5,-3,26,16,10
1,37,69,83,326,409,81,82,55,-11,17,28,-44,-43,29,25,9,-163,-58,30,44,6,-53,17,-13,-17,24,42,48
1,37,52,51,281,369,52,47,19,-28,-16,4,-3,-5,-10,-31,-24,-225,-83,2,12,13,55,23,-47,-51,-11,7,-9
1,1,29,14,-6,-22,-14,-69,-24,4,13,10,-15,1,9,26,14,-29,5,17,10,-21,-92,4,41,38,21,14,23
1,29,61,99,256,342,51,-27,18,41,26,20,-35,-47,31,26,12,-182,-43,1,31,6,-49,23,-27,-21,22,32,13
1,12,24,35,2,13,21,65,45,7,-8,-12,-65,-59,9,14,0,-69,-2,-11,-18,-12,-45,-9,32,41,5,-9,-8
1,32,25,17,268,332,59,-30,-1,-6,12,30,60,42,16,9,15,-141,-49,33,38,-2,-74,-10,-49,-38,17,22,16
1,10,-9,-2,-15,-17,-1,-71,-9,8,9,8,-46,-35,16,9,7,-26,5,36,115,16,-83,-11,39,37,9,-4,7
1,41,21,31,256,313,54,49,54,20,3,17,55,21,11,-4,-2,-175,-60,6,31,27,38,15,-54,-67,9,11,-6
1,10,4,-12,73,93,47,45,38,-6,-3,23,80,63,-5,-11,-14,-181,-69,-2,8,-31,-96,-27,-3,7,6,-8,-24
1,-11,15,16,90,109,36,68,44,-4,4,0,-54,-53,10,17,5,-153,-47,28,26,-3,-59,1,-42,-61,1,7,3
1,-11,5,6,-9,-30,-9,-80,-25,1,6,17,-29,-27,-5,-1,14,110,66,9,-11,1,-64,4,18,20,7,3,-2
1,-15,-4,-8,-13,-22,6,32,32,-17,-2,-9,-34,-37,-4,1,4,-88,-15,26,29,61,144,50,-54,-59,-8,6,-10
1,27,32,42,96,105,-6,72,49,79,-6,-41,-45,-59,-37,6,-47,-157,-79,-23,58,25,138,9,-49,-55,-45,-49,-54
1,5,-13,-24,92,114,16,-74,-35,-25,0,-2,-12,5,-7,-19,-18,-125,-65,4,33,36,124,32,0,3,-11,-11,-14
1,18,31,41,102,127,35,41,25,-8,-2,16,-40,-38,-7,-29,-21,-140,-61,5,30,-14,-71,-26,8,8,4,-9,-26
1,14,11,34,84,113,13,40,19,-50,-24,-7,-70,-69,-19,-14,-19,-170,-59,6,25,32,122,27,-5,6,-16,-19,-8
1,-1,11,4,-4,-23,1,-47,-12,1,2,10,-30,-25,3,-7,6,-146,-38,6,18,34,134,37,12,18,9,5,-3
1,27,-2,-32,82,109,30,44,26,-20,-10,-1,99,59,-1,-9,-18,-125,-60,-19,-13,-21,-73,-21,-13,-6,-5,-6,5
1,-4,-1,-27,-10,-27,1,4,16,-14,3,7,76,43,7,-4,1,-117,-44,-4,8,22,126,36,-57,-66,3,2,7
1,14,11,18,80,88,-1,16,2,-27,-26,-31,99,98,-17,-23,-32,-76,-22,-8,-2,-19,-30,-22,-18,-20,-25,-27,-19
1,14,21,38,190,278,33,29,58,102,21,14,43,25,-6,-9,-11,-112,-29,-14,-5,1,-2,15,-60,-62,-5,-6,19
1,19,18,24,41,43,-9,-9,-14,-8,-27,-9,80,87,-19,-17,-17,-156,-68,9,-7,34,103,11,-22,-17,-16,-24,-23
1,15,16,11,47,68,-6,30,56,161,12,-14,40,12,-5,-41,-37,-137,-63,-28,-7,-16,-22,-16,-8,-24,-26,-14,-26
1,11,10,6,44,52,-19,-6,6,61,-22,-18,73,63,-21,-36,-24,-140,-56,-7,-10,34,97,6,-18,-16,-20,-15,-23
1,-2,11,9,54,79,-11,19,35,126,26,-13,-36,-22,-10,-2,-9,-109,-30,-13,-11,-27,-72,-15,7,-2,7,7,-6
1,10,-5,-9,122,152,-7,-11,4,84,-19,-29,13,-19,-28,-29,-19,-116,-61,2,-13,8,95,-4,-25,-18,-22,-23,-31
1,-1,4,36,-31,-38,-1,5,37,125,16,7,-56,-53,4,14,3,-98,-13,-1,-2,11,-2,12,14,20,5,-2,0
1,-15,-12,-8,36,62,-20,-96,-53,-8,-19,11,25,4,2,6,-2,-105,-16,5,-4,36,129,32,6,6,8,-4,6
1,6,-15,8,43,49,0,10,12,18,-17,-11,35,5,0,7,-9,-118,-26,-14,-11,6,64,5,-21,-3,-9,-9,8
1,-1,-9,17,28,40,-18,-100,-63,-14,-4,-5,26,9,1,7,1,-108,-4,23,17,25,123,10,-8,4,-7,3,-3
1,19,-11,-23,7,31,-29,-89,5,173,31,-4,69,77,-7,-32,-24,-101,-25,-7,-10,-8,84,-12,-28,-29,-24,-11,-11
1,15,13,21,31,33,-21,-100,-60,-30,-14,-4,25,-13,8,12,8,-82,-8,16,13,30,128,20,-1,4,-12,-13,-8
1,-4,10,6,32,34,17,16,-1,-10,9,13,74,73,-20,-103,-54,-68,6,-5,-14,-5,-14,3,-6,10,8,-1,10
1,-5,-32,-64,0,31,7,-13,-13,-28,-11,-5,-17,-11,2,-10,7,-19,8,1,10,17,122,19,-3,-8,-3,-3,4
1,-3,-4,1,5,11,-3,12,0,28,-4,-17,-2,-33,-13,10,-12,-88,-18,23,10,19,97,6,-2,-8,-13,-3,-5
1,-13,6,-3,-75,-101,-12,-69,-37,-8,10,13,-11,-8,4,3,17,60,60,3,-5,12,105,18,2,13,12,2,-10
1,-1,0,-7,-84,-92,-5,54,26,13,-2,-10,-17,-18,-13,-11,6,55,25,39,92,6,19,-13,-21,2,-4,-1,-19
1,2,-12,-13,1,7,1,-12,-4,-14,-21,-11,-17,-36,-16,5,-10,8,28,-6,-33,25,156,21,-18,-7,-9,-14,-10
1,-8,-3,0,4,-9,-4,-67,-45,-29,-14,-14,-21,-22,-11,-18,-4,16,8,53,164,38,53,1,-16,-21,-14,-1,-3
1,-7,11,-4,1,14,1,-57,-22,-1,10,-9,4,-4,5,3,1,9,8,-9,-13,-1,47,-2,5,-3,9,-3,9
1,4,-48,-62,-12,-11,-17,-41,40,140,29,-12,-12,-10,-22,-41,-21,7,-8,38,137,17,21,-14,-23,-18,-16,-11,-11
1,13,-34,-60,-8,-6,-9,-18,53,153,37,-14,-24,-11,-12,-5,-6,39,2,-36,-50,-27,45,5,3,-4,-4,-2,-7
1,-2,-26,-49,-2,-7,-7,-23,38,71,14,0,-8,2,-9,-12,-2,29,-9,-9,-14,-10,45,5,-1,-2,4,-6,9
1,-12,-11,-45,-4,-10,-2,-26,18,93,14,-2,-21,-7,-1,-5,-2,15,-6,-14,-7,-2,51,-4,3,-3,3,5,-2
1,8,-20,-32,-75,-78,-5,-13,21,75,29,-4,11,13,4,0,-4,1,2,-4,2,-11,61,0,-7,10,5,5,0
1,-14,-3,-5,-61,-55,-6,-25,-18,-41,-3,12,22,13,14,14,1,9,10,63,118,6,-76,-17,16,6,1,1,9
1,-16,-1,-8,20,19,12,-8,-30,-49,-7,16,-43,-4,7,9,21,6,27,-7,11,-10,-66,0,25,19,22,11,20
1,-1,12,12,33,24,7,-17,1,-8,-6,15,72,101,22,22,3,-97,-26,14,43,-20,-146,-19,-49,-54,4,17,17
1,8,-3,-23,-14,7,-9,-6,5,-31,-1,5,-5,4,1,-7,1,34,13,0,6,1,-63,7,15,9,15,4,12
1,-7,19,6,2,16,15,106,40,11,-2,-8,0,3,13,21,-10,-33,-8,-28,-40,-26,-120,-12,21,5,4,-3,8
1,-2,3,-9,-7,-9,21,117,46,5,-4,-12,-17,-21,-2,-8,-5,-8,4,14,15,7,-50,-5,-11,-11,-13,-16,-8
1,15,-6,0,6,6,3,105,58,-1,-10,-10,-26,1,-5,0,-11,-9,-2,-1,10,-11,-95,-11,1,5,0,-14,3
