2,-23,-60,-39,-29,-17,45,-56,-38,-49,24,48,5,-4,53,-51,-6,-200,-58,37,-87,22,-28,6,22,6,59,66,53
2,-21,-68,-32,-30,-27,38,-42,-41,-64,28,54,3,-1,52,-63,2,-64,26,61,-68,23,-27,29,13,6,69,66,62
2,-26,-62,0,-20,-33,35,-60,-40,-73,10,47,-66,-68,62,-44,7,-35,39,55,-40,46,-7,35,22,10,63,55,68
2,-20,-42,-3,-62,-20,23,-7,0,-37,11,11,-63,-79,10,-21,1,-97,-16,21,34,61,111,69,27,21,28,13,7
2,0,-57,-21,-45,-22,21,-34,-5,-30,11,29,53,63,8,-55,-24,-148,-32,16,-27,45,90,63,4,17,21,12,29
2,-44,-79,-56,-58,-128,22,-71,-39,-54,15,48,-10,-14,47,-51,13,0,51,89,126,43,-71,21,13,8,46,55,71
2,-8,-30,-5,-20,9,17,1,-4,-47,7,2,-10,-41,-10,-185,-65,-6,18,18,3,60,210,75,-2,7,9,1,-2
2,-8,-19,15,7,27,25,-12,-9,-32,4,9,-7,-25,-1,-190,-58,-10,10,34,63,41,29,32,19,-27,26,19,17
2,-7,-36,-22,-35,-12,17,-58,-41,-44,29,23,-64,-43,37,-101,-22,-20,34,28,-30,42,82,75,28,-6,39,37,41
2,1,-11,4,-30,9,18,-3,3,-33,17,3,-48,-45,29,-8,24,6,25,7,-22,4,-26,6,32,25,5,2,0
2,7,-50,-38,-73,-144,-25,-27,-20,-13,3,15,87,97,-6,-157,-56,5,10,13,-4,47,213,89,1,13,-11,-8,10
2,0,2,13,-4,2,-1,10,24,25,5,-14,-51,-54,15,66,47,12,-16,-14,7,1,25,16,-14,-19,-8,-21,-23
2,-1,-38,-26,-72,-134,10,-36,-23,-36,28,41,26,12,27,-40,20,-5,31,40,33,16,-35,12,16,4,43,31,43
2,-4,-25,-25,-23,-13,-5,-10,3,19,14,18,72,75,-1,34,30,-11,-20,-24,4,-2,-8,9,-18,-27,-13,-16,-19
2,-3,-63,-41,-54,-148,-8,-45,-28,-36,20,29,30,30,42,-21,20,4,35,44,23,19,-11,15,17,18,44,41,26
2,-47,-72,-86,31,1,26,-59,-44,-42,11,43,-24,-5,57,-59,11,-61,44,52,28,21,-34,29,-2,-8,54,63,71
2,-5,-53,-36,7,43,14,-24,7,-4,15,38,48,49,15,11,12,-61,-9,-17,-67,-7,-13,15,2,-23,13,17,12
2,-6,-46,-62,-13,-73,8,-14,15,2,21,39,59,72,4,8,8,-27,18,-12,-122,-7,-16,17,21,23,21,11,35
2,-13,-33,-30,52,22,18,-16,3,7,2,23,44,37,4,5,16,-37,-24,-34,-107,10,106,33,-14,-23,3,-21,-17
2,-20,-42,-16,12,33,26,0,6,3,9,13,-45,-53,17,29,27,-15,14,-15,-111,-13,2,17,32,24,7,23,17
2,-17,-43,-38,32,27,30,-11,-3,-11,14,15,-110,-81,28,14,25,6,17,17,-57,8,-18,12,19,29,33,21,28
2,-6,-49,-44,-5,-60,14,-24,-16,-9,16,27,-29,-24,26,20,26,-22,21,17,-31,18,-22,12,25,18,19,28,23
2,-6,-18,6,22,64,22,25,24,13,15,8,-130,-109,11,56,44,6,18,-3,-68,-16,-55,-15,37,16,4,-4,10
2,12,-28,-35,-23,-86,-8,-13,-5,-5,6,-7,-30,-32,-6,33,34,-12,12,-4,-23,45,127,60,5,11,-9,2,-22
2,16,-23,-24,42,27,21,-8,19,20,5,18,61,60,8,-31,-21,13,-21,-15,-65,-14,-41,-7,1,-12,-14,-4,-2
2,-38,-50,-86,13,-91,24,-31,-22,-26,-4,24,-86,-56,33,-43,8,-2,33,47,-24,48,108,80,21,8,29,46,39
2,0,-14,-30,40,45,24,0,13,-30,3,1,-39,-29,-24,-164,-51,7,6,4,-9,37,132,49,21,9,5,4,0
2,-2,-19,-13,-6,-55,19,0,13,52,21,3,-70,-42,11,20,33,-28,9,4,0,13,-7,-3,10,11,0,8,-7
2,7,-22,-21,13,-42,24,1,10,9,13,21,64,88,-15,-196,-56,-22,23,13,-11,10,-6,8,14,14,18,13,20
2,-3,-4,6,50,46,5,5,2,30,5,0,-3,-6,3,26,26,-30,-30,-17,-7,-7,-15,-11,-5,-14,-18,-16,-10
2,-10,-9,-4,20,55,11,12,17,11,13,17,-54,-43,-3,-105,-35,-14,20,12,-10,15,-5,14,10,7,26,19,3
2,-8,-33,-42,-4,-72,8,-3,2,26,10,16,-81,-50,31,32,29,19,4,7,-13,10,3,11,10,30,18,20,12
2,-20,-10,-23,21,-47,32,28,15,20,20,10,-94,-96,5,-174,-38,-114,-8,65,123,55,23,35,47,32,38,28,36
2,-57,-20,-59,5,-91,37,-17,-14,1,19,48,-9,37,51,-29,2,-151,-45,51,-23,27,0,23,24,18,59,49,63
2,12,5,-3,5,-51,25,33,52,57,35,4,-104,-101,29,76,37,-139,-42,14,15,-6,-36,-11,27,26,14,7,-2
2,3,-1,-3,-9,-71,18,5,12,28,28,31,87,94,22,34,14,-168,-47,-3,9,-7,-62,-16,-1,-5,2,2,4
2,-58,-15,-47,7,-64,17,-19,-24,-23,7,19,-165,-120,-11,-255,-66,-135,-17,6,-65,52,133,93,21,8,40,48,14
2,-29,-17,9,27,-46,16,12,25,42,26,16,-47,-42,-4,-183,-69,-150,-31,18,11,70,149,74,28,32,29,22,1
2,-56,-23,-15,18,-60,13,-14,-10,27,21,30,63,56,5,-259,-72,-145,-49,6,-118,21,23,11,5,13,28,40,25
2,11,-12,-12,5,-53,1,-4,15,32,21,5,-34,-43,2,61,18,-140,-51,-23,-61,40,154,56,12,12,10,-8,-5
2,-20,-12,-46,12,-32,32,-4,7,26,33,35,-8,7,8,-153,-42,-114,-21,33,11,28,-32,15,43,51,48,52,24
2,-35,-41,-42,-8,-79,1,-44,-14,-4,13,6,-47,-29,-46,-323,-95,25,36,10,-5,49,117,72,-14,1,8,1,-1
2,0,20,35,16,-19,27,29,25,32,14,15,-87,-79,17,-137,-23,-116,-23,18,-4,27,-11,19,52,57,25,18,32
2,-26,-12,6,21,-60,23,-24,-3,19,24,26,-86,-62,43,-16,24,-130,-23,32,36,31,20,24,1,1,35,25,23
2,-86,-24,-24,23,-51,18,-28,-13,-44,-5,17,-144,-112,-32,-331,-81,-131,-17,18,-39,54,147,61,20,25,32,29,10
2,8,-4,-14,4,-50,22,-11,5,4,23,29,34,41,16,-64,-14,-128,-31,6,23,26,20,-7,24,28,8,1,10
2,4,-14,2,8,-35,23,-33,-1,20,2,15,6,24,33,67,43,-137,-17,-16,7,10,14,-14,-4,17,11,-19,-3
2,27,26,17,3,-22,8,31,25,54,15,7,45,45,-11,-137,-27,-105,-12,-3,1,10,25,8,16,17,-12,-7,-17
2,-14,-16,-14,11,-12,9,8,7,27,1,6,10,37,5,-143,-32,-115,-18,9,-35,35,146,52,12,26,5,0,-12
2,26,32,38,-6,-3,7,46,40,59,37,-9,-99,-84,-17,-221,-67,-115,4,-9,1,53,178,51,24,35,-7,-3,21
2,-12,-18,-51,23,15,19,16,17,16,17,3,-91,-63,20,-106,3,-82,-4,23,59,18,30,6,40,55,21,9,8
2,42,-13,-21,16,74,3,-13,-3,18,12,22,108,118,-13,-164,-25,60,34,-24,-18,-26,-24,-29,-35,-13,-39,-18,-27
2,-7,6,7,14,-9,6,5,3,-1,8,7,-101,-65,49,117,87,-108,-2,13,13,-9,-61,-21,18,21,8,4,-4
2,3,-18,-34,6,5,24,33,38,27,29,12,-28,-25,42,-5,28,-117,-35,0,-56,2,13,5,3,16,9,7,-2
2,52,26,8,-5,13,2,37,17,0,6,3,-92,-84,15,112,81,-60,7,-33,-43,-17,-1,0,-1,8,-12,-22,-14
2,10,20,28,55,170,28,14,-3,-23,-16,-13,-138,-80,0,-140,-14,-85,5,-14,-54,20,129,54,2,21,3,1,0
2,37,48,54,61,160,30,20,24,-16,-13,9,-118,-82,3,-133,-3,9,38,-21,-62,-3,-15,-10,-12,-7,-4,1,9
2,17,20,33,53,154,20,25,8,-11,-18,-10,-121,-71,22,-13,29,-102,-12,-7,-10,-5,23,11,-1,-10,-9,-9,-15
2,37,35,29,38,147,6,7,4,-24,-17,-9,0,21,-13,-136,-9,67,53,-22,-43,-28,-29,-27,-13,-8,-17,-12,-8
2,31,10,39,30,133,6,1,1,-23,-20,2,-95,-73,25,110,72,-101,6,-30,-79,-10,-4,0,-8,-16,-3,-13,5
2,-8,-28,-28,-24,-11,-2,17,7,12,17,2,-29,-14,8,-103,-1,-69,17,26,53,32,36,22,21,19,3,18,0
2,-31,-14,-47,-19,-14,7,11,-8,-8,16,35,32,41,13,-142,-10,-64,3,26,-41,31,38,40,17,0,27,38,28
2,24,6,-20,4,10,2,13,13,-1,8,6,-48,-30,40,152,93,-84,-23,-9,-53,-15,-56,-39,9,22,0,-5,-19
2,19,-17,-21,-11,-11,-10,4,14,-8,15,19,122,101,-3,-123,-3,-50,24,-9,-40,-4,-9,11,-10,4,3,2,-5
2,-3,-12,-33,9,-6,-2,-38,-10,-34,2,11,23,32,-10,-164,-29,-16,14,13,-14,46,132,54,8,2,1,12,1
2,25,-10,-10,17,130,5,8,8,-20,-20,-7,98,85,-9,-130,-18,124,49,-26,-34,-31,-87,-49,-30,-29,-7,-12,-32
2,37,23,43,-12,20,-9,37,39,7,11,-6,-11,2,-11,-103,-30,-96,-31,-8,-9,38,78,36,3,-2,-10,-14,-18
2,24,43,56,79,169,15,33,23,-2,-4,-22,-24,-39,-22,-106,-24,-98,-32,-27,-23,13,63,8,-20,-13,-16,-21,-16
2,7,9,28,-2,6,-16,3,-4,-1,3,-5,7,-11,-8,5,0,-12,-10,-4,19,1,3,1,-12,-21,3,28,-1
2,3,14,2,-12,6,1,-1,-3,12,-2,-6,-3,-8,-36,-171,-6,127,47,4,-5,-1,2,-8,-204,-347,-25,0,9
2,6,5,3,12,7,17,-4,0,10,15,3,13,-2,17,-2,24,104,23,13,14,-2,11,3,-113,-215,-2,19,6
2,41,5,20,18,5,1,-11,0,22,-2,2,-19,-14,58,287,98,-12,4,-10,20,-13,-19,-8,-9,0,-12,-10,-11
2,10,-14,-19,4,3,9,-25,-31,-17,8,2,-91,-66,13,-45,4,-3,-2,10,11,21,116,43,7,4,11,15,11
2,44,19,14,60,136,10,22,15,27,-5,-28,-36,-37,29,223,76,-14,-29,-37,-6,-40,-35,-20,-14,3,-13,-40,-24
2,12,16,8,97,118,6,5,1,31,-8,-16,-57,-56,37,216,70,-17,-15,-24,-18,-32,-19,-19,-6,1,-16,-14,-24
2,5,-16,31,68,110,4,-8,-3,-2,-13,-7,-70,-58,-14,-6,-12,-34,-19,-21,-47,4,102,26,7,9,2,-15,-12
2,-15,-14,-3,54,91,-3,1,4,28,-2,-9,-25,-22,31,135,19,-36,-18,-6,-24,-23,-54,-25,-4,-14,-17,-26,-17
2,-2,-30,-45,-8,-16,-16,-33,-21,-4,-8,6,-11,-1,36,143,52,2,-2,0,4,-3,-14,-6,-1,6,-16,-4,-9
2,20,32,20,-11,-18,-12,-16,-17,11,-7,-3,119,102,-9,-4,-18,-3,-16,-17,-13,-16,32,-18,-29,-27,-33,-22,-23
2,-28,-15,3,23,-10,-6,-22,-24,-15,13,4,-30,-30,11,-29,15,-3,27,23,11,5,10,1,0,-1,18,15,24
2,-32,-31,-17,11,-31,-5,-27,-36,-33,7,33,-43,-47,40,129,46,-37,30,27,-89,0,-8,12,-11,-22,31,34,33
2,17,7,16,-3,9,8,11,9,-2,-3,6,-7,-3,38,267,106,-18,-6,-12,-49,0,20,-2,6,2,-3,-6,-1
2,12,10,27,28,46,14,1,0,-1,-18,6,-4,11,19,209,83,-4,-5,-9,7,-1,-2,-19,-13,-10,-11,-25,-3
2,-43,-10,-37,13,-3,16,-11,-9,-35,12,33,-48,-40,15,-35,4,35,17,25,-65,23,-9,30,8,-10,40,35,37
2,0,-10,-27,-2,-17,-18,-15,-40,-29,2,0,-49,-43,30,140,45,18,15,17,17,15,-21,-2,-16,-25,16,-1,-2
2,22,-8,8,23,115,-3,-19,3,24,7,16,88,97,-9,-50,-20,-57,-10,-21,-11,-15,-43,-2,-39,-45,-14,-21,-15
2,-1,22,31,14,37,16,28,27,52,19,-7,-81,-81,8,48,25,22,17,-2,-34,-6,15,1,-37,-48,-21,-16,-11
2,21,39,73,58,150,30,23,35,41,16,1,-26,-19,-8,-2,-13,-253,-94,-8,-79,-14,-8,6,-3,-4,11,0,-4
2,7,19,34,47,138,23,17,25,29,3,-9,36,23,-8,-13,-3,-197,-51,-9,-52,-11,-11,3,5,-1,-10,-16,-12
2,24,8,30,7,19,-6,-14,-9,-6,-9,9,-16,-11,20,226,78,-144,-19,-15,-14,-3,27,7,12,20,-6,-15,-14
2,8,-16,-42,-9,-17,-8,-13,-14,-10,-2,13,-44,-41,17,208,77,4,4,-10,-62,-12,-16,1,-5,3,-6,7,-11
2,-40,1,20,-1,-20,-13,-19,-35,-37,-8,14,-11,-24,2,-49,-2,14,42,27,48,9,4,5,7,5,18,20,10
2,17,23,16,-1,2,-4,-8,-2,0,-8,10,21,0,25,261,108,20,17,-17,-2,-10,-10,-2,2,3,-2,-34,-3
2,3,-38,-31,-4,-19,-9,-21,-25,-9,2,10,-11,2,37,114,58,-19,18,11,-50,-2,-21,-11,-7,-27,4,20,13
2,19,-4,-21,-22,-12,-28,-26,-32,-20,-25,-21,-22,-4,2,195,79,22,-21,-23,-16,-5,119,10,-14,-15,-34,-31,-37
2,-5,1,-2,-19,-11,-8,-8,-11,-12,0,-2,-15,-25,-20,-24,-4,-35,-6,11,4,19,146,27,-5,-17,13,-1,21
2,-12,-3,-2,10,-12,-5,-16,-8,-6,10,15,-37,-31,8,37,5,-4,7,10,-23,9,-13,10,2,-10,7,6,24
2,-9,-18,-15,17,-7,-4,8,1,33,11,15,162,165,-6,-87,-35,-130,-20,17,-36,0,16,-8,-46,-38,-16,24,3
2,13,-14,-36,3,-10,-7,-12,-13,8,9,16,50,31,-9,-1,-6,15,13,-2,-33,3,-10,6,3,-2,0,7,-17
2,17,-2,-9,16,6,17,9,34,62,23,15,160,143,-3,-16,-24,-216,-127,-11,-22,-1,4,-3,-10,9,-14,-17,-21
2,0,-13,-28,11,0,15,10,14,14,5,9,86,43,-21,-101,-28,37,-2,1,-19,2,-7,-6,-4,5,-7,2,-7
2,-11,1,14,0,-9,1,-6,-16,9,6,17,72,50,-12,-100,-27,32,23,0,-10,4,6,7,-11,-20,-2,-1,-4
2,-3,-27,-50,-1,-7,15,-19,-19,1,1,26,70,34,28,107,52,16,-4,-2,-47,-1,-30,3,-70,-72,19,-4,7
2,26,11,-16,2,20,17,3,21,21,-7,-8,30,16,42,223,103,43,-8,-10,-19,-2,-11,-11,-2,7,-7,-21,-7
2,-11,-7,8,37,15,11,12,22,41,10,1,-63,-72,15,9,7,-139,-49,9,0,1,29,13,12,34,26,16,12
2,-2,-18,-18,-24,-13,0,-12,1,-4,-11,-13,-88,-99,16,79,50,46,26,3,20,14,3,6,6,9,2,8,15
2,27,-1,-3,7,-6,-5,13,23,24,8,14,66,39,36,253,94,-142,-55,-21,-16,-6,6,-5,-10,8,-19,-19,0
2,4,14,10,56,123,4,7,21,18,4,-12,-71,-79,7,103,19,-169,-55,0,-41,-9,-1,10,-8,16,2,15,18
2,-15,8,14,13,14,11,27,10,42,1,13,112,69,-10,-81,-39,-206,-84,8,-3,1,19,9,17,16,10,16,-4
2,3,-12,-33,6,5,-4,-6,-21,11,9,-2,11,9,0,-82,-12,50,35,7,4,1,8,6,-2,10,-8,15,0
2,-25,-13,0,-1,-19,-12,-19,-17,13,-2,-3,-51,-63,19,17,35,17,38,4,11,2,2,2,0,5,6,2,21
2,-6,-7,-17,-10,-27,-3,-4,7,4,7,1,73,33,-1,-46,-4,-8,14,3,76,-8,-13,-12,-12,-17,-6,-12,-4
2,1,9,2,4,-5,-3,9,2,-19,-20,-12,-49,-42,1,85,22,-8,15,-14,27,3,22,6,11,5,-10,-13,-14
2,-20,19,40,61,111,20,35,15,16,-1,10,82,59,-21,-113,-30,-214,-70,-8,-31,-8,-4,-5,17,19,8,8,3
2,3,-1,16,24,14,4,18,15,6,12,-5,-52,-54,9,96,25,-160,-18,8,2,-1,21,12,0,11,1,-9,-6
2,-36,8,-7,7,-4,-9,16,-23,-14,-17,-3,-137,-115,28,59,29,-126,-13,42,120,27,34,21,6,12,24,33,27
2,-25,4,7,10,-3,-1,6,3,-14,2,3,-121,-101,-4,-56,0,50,53,18,7,16,15,16,16,19,8,23,27
2,0,5,0,27,21,-6,9,7,-7,-11,-10,-135,-119,-18,-71,-11,5,23,27,116,16,41,13,7,25,13,7,9
2,31,17,3,16,17,5,16,12,-9,-5,-7,-105,-91,32,268,89,-106,-13,-7,5,-9,19,24,-4,5,6,2,1
2,-47,18,-22,28,3,24,-12,2,-19,14,29,-7,0,-5,-112,-26,-112,-15,20,-6,19,38,15,21,25,40,45,32
2,-6,0,-20,27,4,5,-26,-13,-17,2,16,-11,-4,4,-118,-8,68,52,4,-16,7,-6,5,2,-8,13,13,12
2,-6,8,-22,5,-4,4,-27,-7,-5,-8,9,-79,-73,53,177,78,-122,-40,-6,-19,-6,18,14,4,4,8,25,0
2,-5,-2,8,9,14,7,10,12,27,18,13,-41,-45,51,263,76,-184,-64,-2,-20,1,38,10,-1,-14,-1,9,-29
2,30,7,-26,-6,-1,-8,-7,20,24,-1,15,146,129,-8,-68,-32,-162,-26,7,89,-4,-18,-18,-12,-12,-4,-13,-14
2,-21,-22,-17,-6,-25,4,-39,-24,-25,6,18,-3,-13,8,-32,-1,-155,-5,23,70,36,120,57,-9,-19,10,17,17
2,57,26,-4,-9,4,-1,6,10,26,7,10,192,172,46,290,82,-173,-83,-26,-27,-27,-13,-21,-9,1,-27,-21,-31
2,14,24,16,10,20,-7,23,16,31,-2,-21,-2,-3,-5,79,25,-106,-31,-19,7,-14,59,-4,-22,-5,-32,-31,-18
2,22,-1,9,-10,-8,3,-7,12,11,5,-4,-28,-4,41,286,109,-133,4,-15,67,5,18,5,-27,-29,-18,-16,1
2,-30,2,20,16,8,-1,-15,-17,2,-12,-3,-25,-17,-3,-74,9,90,56,3,2,-14,-1,-4,1,10,-5,-10,-9
2,7,18,24,1,16,-1,10,2,-3,-5,-21,-1,-6,6,35,34,-112,1,-4,-9,-1,13,1,-1,3,-13,-2,-22
2,18,36,19,6,13,-1,25,-5,10,-19,-8,13,-1,-9,59,29,-91,-22,-18,-5,-3,28,-18,9,16,-21,-12,-21
2,21,47,61,110,179,8,11,-4,-3,-26,-28,-17,-22,-17,28,13,-136,-25,-25,-9,-27,-4,-25,-11,-2,-26,-26,-34
2,-35,7,-5,16,-1,-2,-18,-11,-13,-1,15,-7,-15,-8,-92,-23,-145,-33,55,187,46,15,4,-2,7,5,12,22
2,20,7,-8,5,-2,5,6,21,34,8,8,186,174,-9,-63,-16,-102,-20,-29,-43,-24,-20,-25,-29,-24,-22,-25,-17
2,20,5,-15,1,-9,-26,-19,-9,9,-17,-28,86,55,-6,60,30,-91,-8,-5,92,3,0,-16,-16,10,-27,-28,-31
2,-6,26,48,84,135,-4,-36,-30,18,-5,-15,92,87,-34,-59,-31,-99,-33,-14,-13,-5,-11,-18,-11,-19,-28,-20,-16
2,-8,13,19,47,143,-2,-66,-43,-11,-18,-36,-23,-9,-9,-34,-3,124,40,-8,0,-32,-7,-20,-6,15,-24,-17,-18
2,-12,13,12,49,137,14,-13,-19,-6,-15,7,-9,-31,-23,-87,-28,-54,19,11,-16,10,29,18,-5,-14,9,6,-31
2,-37,-19,9,27,85,-4,-62,-55,-16,14,20,-8,-31,1,-89,-21,-83,16,28,93,27,-6,19,-6,-10,16,18,36
2,-10,-1,8,9,79,-18,-65,-57,-5,-3,-8,-29,-32,-16,-80,8,164,87,-4,-1,-1,37,5,-19,-21,-14,-8,0
2,-10,-20,-34,-51,-66,-16,-83,-45,20,11,7,74,61,23,51,48,87,44,-8,-9,-8,-20,-12,-4,-10,-12,-7,-16
2,-22,18,11,53,107,9,-46,-31,11,4,14,103,101,-13,-72,-25,-67,-17,0,-59,-4,-17,-16,-26,-16,2,12,-4
2,6,0,6,20,69,-3,-71,-28,0,-5,0,-17,-16,-2,-5,12,102,50,-8,2,-12,-18,-18,-20,-29,-5,5,9
2,38,11,-2,-7,74,-9,-46,-21,28,-6,-11,174,162,-25,-38,-39,-97,-41,-33,47,-16,27,-17,-21,-34,-24,-32,-28
2,35,12,10,39,96,3,41,44,49,-2,-4,162,141,-32,-63,-40,-88,-44,-53,-48,-45,-21,-25,-17,-19,-33,-40,-44
2,-3,-5,-2,-26,-43,-18,-36,-13,39,3,0,85,58,28,70,22,-75,-8,-17,-27,-18,1,-4,2,23,-20,0,-12
2,-29,-19,-34,-20,-46,-5,10,-3,-7,2,13,17,-4,-3,-65,-13,-51,4,31,81,10,14,4,16,18,20,19,30
2,16,27,8,26,90,22,36,13,-8,2,11,-19,-14,-4,-62,-28,-52,-11,-12,-38,-9,-9,16,-1,-6,14,-1,10
2,48,26,7,29,119,4,33,24,27,-6,-16,82,71,-23,-33,-33,-57,-25,-25,-26,-25,22,-20,-35,-25,-37,-37,-37
2,24,15,29,26,98,16,13,4,-14,-15,-21,-120,-87,14,155,37,-72,-3,-16,-28,-4,25,4,-15,-11,-15,-28,-10
2,24,-9,-23,-55,-47,-5,23,35,55,4,11,172,172,-20,-22,-24,-43,-20,-33,-44,-25,-24,-21,-7,-11,-13,-11,-35
2,6,-17,-26,-54,-68,-22,-40,-13,-2,5,9,46,52,17,81,39,-11,-7,-2,4,3,9,1,4,20,-1,0,0
2,-14,-23,-38,-28,-51,-18,-19,0,8,-16,-15,-94,-65,-15,-22,18,196,74,15,18,-7,25,4,28,39,-5,10,-6
2,1,-12,-4,-1,80,-3,17,-1,-5,-3,1,11,6,-7,-64,-36,-33,-25,5,-23,12,5,13,20,26,12,6,14
2,13,10,5,36,114,7,23,34,3,-18,-11,18,1,-20,-30,-17,-37,-23,-8,46,-11,-20,-25,-16,-25,-16,-20,-21
2,-29,1,-4,33,87,30,3,12,-15,-13,2,-95,-68,3,-46,-2,-13,8,10,-40,8,6,2,10,8,17,32,35
2,21,30,43,37,101,-3,-23,-17,8,-15,-25,-77,-80,-15,-26,0,100,32,-17,24,-7,2,-18,-8,-12,-9,-24,-12