3,-102,-117,-174,-164,-205,-7,-80,-50,-74,-5,36,-12,-17,40,-88,-43,-36,-20,69,100,40,-69,6,-35,-46,66,61,52
3,-99,-116,-181,-92,-134,-3,-68,-49,-90,-3,42,-80,-66,40,-87,-46,4,-15,10,-43,46,59,67,-23,-55,85,68,79
3,-88,-110,-141,-88,-127,19,-83,-45,-93,11,55,-70,-42,48,-71,-35,-26,-22,31,-66,39,-65,43,-14,-22,106,104,93
3,-114,-131,-196,-184,-219,-8,-82,-54,-82,-5,25,-159,-127,37,-67,-38,14,6,3,-34,-2,-189,-42,-25,-43,75,72,73
3,-115,-114,-158,-178,-218,1,-77,-34,-77,-7,36,-120,-95,-14,-272,-110,17,3,18,-16,31,-67,9,-14,-27,80,82,74
3,-113,-114,-163,-187,-263,8,-90,-60,-111,-7,46,-67,-58,39,-53,-73,-160,-88,16,-64,37,-68,25,-16,-13,106,80,80
3,-118,-130,-190,-174,-219,3,-73,-43,-89,-21,26,-142,-113,35,-99,-45,8,-1,27,-37,28,-28,28,-25,-28,79,90,84
3,0,-3,8,-3,0,-8,14,-9,4,-4,-1,-1,-10,-4,-6,3,-20,-9,1,14,13,9,7,-11,8,5,6,-8
3,-6,7,57,18,-10,-11,-10,-12,-26,-17,-14,-53,-47,-5,9,15,108,43,10,7,8,-14,8,-16,-6,1,-19,-17
3,23,17,34,2,7,-9,8,5,5,-9,-22,-130,-109,-5,53,36,173,59,-13,35,-1,-19,-1,-13,-12,-22,-29,-48
3,-5,19,41,24,17,-15,-4,-7,28,-5,-22,-10,-16,-27,11,12,165,58,-12,5,-35,18,-15,-49,-28,-43,-54,-34
3,-3,-9,9,16,3,-15,1,-7,16,-8,-21,11,0,-19,12,14,166,49,-28,20,-16,15,-12,-26,-39,-41,-46,-37
3,-5,24,60,18,-10,-17,17,4,1,-12,-14,-35,-35,-59,-151,-45,188,77,-4,1,-4,57,10,-11,9,-3,-10,-29
3,3,2,30,91,114,0,23,9,2,4,-6,-114,-119,-58,-185,-59,-62,-39,67,177,25,86,18,7,2,0,-15,2
3,-17,4,23,-22,-23,-18,-24,-19,-17,-8,-8,18,10,-2,17,10,132,35,56,146,-14,-112,-52,-25,-33,-21,-14,-16
3,3,6,46,90,95,0,3,2,-6,-2,-8,-48,-27,-47,-190,-52,24,1,57,167,5,-68,-39,0,-6,14,15,-9
3,4,-12,9,-20,-18,-6,-4,-8,5,-6,7,109,75,-52,-178,-54,-6,-26,46,158,8,39,1,-12,-19,-8,-10,-16
3,-9,10,53,24,13,-12,12,3,24,7,-5,27,37,-31,-140,-45,48,21,-2,26,-17,-39,-4,4,8,8,-13,4
3,-13,34,104,106,127,-13,18,-5,1,-7,-20,-127,-83,-43,-146,-54,21,3,64,142,2,-40,-19,-6,8,-8,-20,-21
3,-21,-12,9,96,124,5,11,-11,-10,-20,-14,-1,18,9,42,16,24,-19,-16,17,-35,-67,-49,-16,-23,-31,-9,-24
3,-8,10,44,6,7,-20,-3,-15,-19,-12,-17,-127,-104,20,58,20,28,-20,47,131,24,76,0,-29,-8,-28,-15,-22
3,-26,-9,-16,39,32,-34,-4,-17,-11,-20,-34,-137,-111,6,56,47,180,68,33,117,-5,73,-10,-35,-32,-43,-40,-43
3,-6,-20,-40,-19,-12,-27,-10,-9,1,-2,-1,53,49,10,43,11,14,-19,40,127,-7,-42,-25,-25,-18,-19,-22,-13
3,12,20,36,-2,11,7,13,17,21,18,19,-64,-57,-5,-42,0,-21,3,-16,-1,-8,-57,-3,15,20,18,11,18
3,-9,-17,-25,14,11,-1,16,21,10,18,5,-75,-62,-23,-120,-29,-24,-12,45,136,13,2,18,15,11,3,17,21
3,-7,-1,24,0,-1,9,11,1,11,17,12,-86,-80,-8,-113,6,182,115,3,-1,-16,-38,-23,-26,-67,13,36,39
3,6,-11,-27,0,19,10,32,18,1,11,2,-106,-105,-24,-159,-30,-2,-2,-1,43,20,126,50,42,21,22,26,19
3,9,-15,-29,-30,-1,4,-5,0,-5,4,11,28,44,26,-22,1,-80,-21,15,91,-2,-54,-12,5,-5,7,6,15
3,8,4,-1,-27,-3,-9,2,-7,6,11,-2,-51,-20,25,-2,23,31,10,33,114,64,285,87,-6,3,-3,12,-14
3,10,48,97,111,113,-3,6,3,8,-6,-6,-72,-69,-12,-127,-21,0,4,19,104,44,272,80,-26,-52,-20,-12,-11
3,-1,4,14,55,69,-4,-1,-14,-5,-3,-11,-52,-43,-20,-123,-14,-4,-14,27,112,4,82,23,-3,-3,-18,-14,-32
3,-12,20,56,40,34,-17,-22,-24,-12,-19,-16,-51,-40,17,85,49,-12,-4,6,92,-16,-9,-15,-26,-26,-23,-20,-26
3,-1,-14,-10,-1,27,-6,-30,-25,-17,-4,-1,-69,-92,16,47,31,-18,-3,-11,52,5,118,25,-2,-2,-3,-20,-17
3,-20,-38,-36,28,28,-14,-1,2,99,32,-15,-43,-22,41,74,34,-22,-16,-20,44,-17,-10,-13,-23,-11,-7,-21,-18
3,-19,24,72,76,144,-27,-21,-19,-7,-38,-50,-35,-4,-27,-36,-20,10,-8,16,105,7,91,-10,-28,-20,-49,-46,-63
3,-14,0,19,88,110,-22,-19,-9,3,-19,-30,-30,9,15,101,39,-25,-15,1,65,-42,-57,-49,-13,-16,-31,-28,-18
3,-25,64,148,90,155,-36,-21,-17,-20,-36,-49,-77,-56,-38,-37,-16,20,-21,5,104,-13,74,-15,-25,-13,-36,-34,-57
3,-5,-17,0,57,87,-6,1,-21,-11,-26,-7,-37,-17,10,96,27,-10,-21,-14,65,-26,-56,-52,-7,7,-10,-6,-25
3,23,66,119,113,188,20,63,76,227,91,-31,-26,-6,-18,20,-6,47,-12,-7,56,-33,-5,-35,31,28,-31,-25,-33
3,315,278,422,293,459,70,250,160,226,76,-4,171,152,48,258,138,229,120,122,495,160,414,101,122,154,-47,-41,-37
3,280,279,425,286,457,50,200,156,261,85,4,198,191,14,94,79,261,126,123,491,119,290,53,116,136,-35,-27,-49
3,303,297,418,303,459,69,201,161,224,89,-5,188,177,2,43,42,272,117,126,507,153,440,104,135,153,-41,-36,-55
3,266,290,458,287,406,67,166,148,194,82,18,342,320,17,1,16,180,90,110,411,126,381,96,105,106,-26,-30,-24
3,396,422,567,387,542,116,313,248,360,158,57,261,209,72,111,101,325,178,180,571,213,483,174,187,228,17,-7,7
3,93,174,272,182,259,26,81,53,94,17,-35,49,28,-50,-84,-43,92,11,47,287,50,206,27,36,33,-39,-30,-35
3,325,358,491,312,464,47,214,174,334,104,4,169,154,10,29,31,222,114,113,472,134,424,94,129,135,-34,-45,-40
3,401,448,581,385,532,112,302,275,404,179,59,250,226,73,107,102,319,178,177,557,219,514,168,192,218,23,2,5
3,-4,54,125,104,165,-21,15,3,33,-15,-54,14,-7,-67,-140,-70,44,-7,27,192,-21,50,-44,4,4,-44,-37,-54
3,68,117,177,160,217,18,154,100,97,16,-45,38,27,-35,-28,-31,84,13,38,292,5,55,-28,26,17,-54,-65,-68
3,-12,5,14,68,91,-4,-25,-3,5,-3,-10,-30,-36,-36,-183,-49,-3,-3,23,89,16,100,22,-12,-8,-15,-2,3
3,-25,-7,9,-25,-18,-10,4,15,79,33,-9,-45,-80,-22,-164,-43,18,2,29,101,19,105,31,5,-5,-1,-8,-1
3,-20,-3,6,53,85,-18,-27,-14,10,-13,8,96,98,-45,-191,-67,-32,-11,15,80,5,81,-8,-23,-34,-21,-7,-11
3,-16,4,28,56,60,-19,-27,-26,-7,-13,-10,194,131,-46,-161,-53,-28,-25,-4,74,-1,73,0,-35,-38,-32,-40,-38
3,-7,23,53,46,56,-4,-22,4,13,10,1,44,42,-24,-143,-28,-28,-17,-44,-38,-4,77,16,-12,-12,-9,0,-10
3,-7,23,61,31,49,-17,-35,-5,10,0,-1,74,46,-34,-158,-46,-39,-23,17,78,2,74,1,-23,-16,-16,-18,-18
3,-12,-19,-32,-41,-21,13,53,55,13,-3,6,18,32,27,72,44,-31,-18,-46,-33,-3,78,10,-50,-119,-10,0,4
3,-4,-6,-2,-56,-35,-5,37,36,11,-11,-1,3,7,21,75,40,140,70,-39,-22,-26,40,-9,-70,-141,-19,-7,-23
3,-8,-34,-28,70,79,-1,-15,-15,-2,2,5,-34,-58,-19,-117,3,177,75,-37,-26,1,74,17,-43,-111,4,2,12
3,-7,-16,-5,-39,-41,-5,-46,-19,-16,-6,5,-40,-67,29,78,47,18,12,-27,-27,28,187,63,-36,-111,-5,11,4
3,-15,-18,-17,-39,-41,-12,-36,-19,-4,-5,-6,-44,-38,19,78,51,152,74,-44,-42,-18,57,10,-22,-10,-13,-8,-11
3,-14,-8,15,46,61,-9,76,59,129,35,-19,-50,-26,-32,-73,-17,148,68,-45,-28,-44,-74,-55,-30,-45,-26,-24,-16
3,-9,-7,2,-45,-38,0,45,35,48,1,-14,-45,-58,12,78,50,153,82,-42,-2,-44,-87,-54,-22,-15,-9,-5,-12
3,-5,-6,-24,-49,-30,2,53,30,0,7,2,-51,-73,18,70,66,114,59,-40,-52,-27,-68,-36,4,-2,16,0,17
3,-6,26,75,66,68,-9,-26,-16,-16,-12,-4,14,34,9,59,24,-18,-4,-1,84,-19,-54,-56,-51,-123,-21,-15,-12
3,-3,23,62,64,75,9,-7,10,21,17,14,-9,-5,9,-15,7,-26,9,-78,-123,-47,-57,-31,18,12,7,21,19
3,-4,4,11,-25,-16,-4,-12,-3,0,1,0,-27,-50,-21,-98,-8,185,84,-20,-1,-7,-11,-11,1,9,6,-1,9
3,-7,7,26,-37,-14,-10,-7,5,6,-11,-2,-25,-41,-21,-90,-11,52,36,-22,14,7,120,28,0,13,-5,-8,-5
3,52,144,196,72,119,-6,75,34,93,10,-65,19,5,-27,37,18,324,150,-33,33,-23,98,-18,30,33,-65,-71,-98
3,-14,-14,-14,-17,-3,-13,-38,-15,-22,-28,2,110,95,19,91,58,171,66,-70,-90,-51,-50,-43,-25,-29,-29,-18,-16
3,-10,-29,-5,48,64,-6,-14,-15,-21,-21,-12,43,51,-52,-173,-33,151,72,31,92,-5,-43,-29,-26,-25,-13,-3,-13
3,-8,-6,1,52,85,12,57,32,-13,-12,-6,-23,-28,-37,-161,-19,171,72,-64,-92,-5,59,12,-17,-27,-3,2,-13
3,-7,-14,-32,44,54,4,21,62,205,69,-17,-12,-27,-36,-122,-24,142,59,-47,-37,-43,-71,-60,-16,-54,-20,-7,-4
3,-2,7,-28,24,65,4,-22,10,58,17,-6,-15,-18,-29,-126,-8,124,54,-4,33,-19,-77,-26,-9,-29,-8,21,14
3,0,-5,-27,-47,-20,8,-24,5,9,18,20,12,-11,-2,-129,0,135,58,-5,34,5,-65,-31,18,-8,24,18,6
3,-3,-10,-28,-35,-24,6,-35,-6,-16,7,15,7,-14,17,9,34,104,51,-16,-23,-8,-55,-36,9,1,16,9,9
3,-5,-5,-8,-40,-20,-4,-5,2,-6,0,-4,-8,20,-13,-101,-20,26,13,48,115,19,-11,8,-2,7,-1,-4,-11
3,-3,4,-3,-16,-7,-5,-3,8,15,6,-8,-6,15,-27,-97,-21,147,65,3,16,3,-30,-19,-6,-8,0,-7,-5
3,-11,-1,2,58,57,-12,-10,5,56,1,-27,-25,-5,3,78,47,123,27,-41,-50,-39,-45,-32,-32,-28,-35,-20,-33
3,-9,-6,-6,-29,-6,-11,-19,-7,-6,-27,-14,34,41,-12,-109,-17,101,43,-26,-20,40,215,80,-68,-122,-18,0,-7
3,-2,15,35,33,42,9,19,5,7,3,10,2,-6,-12,-105,-6,-10,-2,-15,-19,-2,-43,-16,6,11,5,12,11
3,-3,4,17,43,63,-6,-2,20,46,-4,-8,-17,2,-18,-136,-23,125,47,-22,-19,-13,-13,-15,-4,-14,-14,-7,-20
3,0,-2,11,-48,-41,-13,-21,9,76,16,-13,16,31,-26,-145,-25,124,15,-11,11,7,83,18,-3,12,-15,-21,-13
3,-14,-1,-10,45,71,-4,-12,-10,-26,-15,7,4,-10,-9,-119,-9,137,36,-13,-11,-7,3,-11,-11,-9,-2,11,-9
3,-9,-7,2,9,19,-11,-17,-22,-27,-12,-9,6,11,3,-70,-5,10,-14,-9,-7,20,116,55,-7,8,-5,-10,-8
3,-5,-15,-26,6,36,4,-42,-22,-18,-12,13,136,112,-7,-111,-24,59,3,-18,-65,1,36,-5,-3,-26,-11,1,6
3,-4,-12,-28,35,42,5,-20,-28,-19,-12,0,-9,-12,15,53,19,73,2,-11,-29,12,33,17,-20,-77,-5,-10,-2
3,-16,-12,0,31,42,-13,-15,-20,-33,-10,-16,-12,-7,-2,-64,-20,96,9,-12,-7,7,92,29,-6,7,-14,-21,-16
3,-12,-14,-28,11,4,-14,-16,-9,-9,-2,-18,-27,-21,-10,4,8,117,10,-2,-12,5,98,28,-23,-2,-12,-20,-23
3,-15,-27,-23,-47,-60,-29,-36,-17,-17,-17,-23,-14,15,26,145,61,95,13,-11,-16,-3,76,18,-16,-17,-21,-15,-21
3,-2,8,3,34,53,-5,7,1,-7,1,4,13,16,-3,-61,3,60,5,0,2,-1,-34,-11,-23,-85,6,16,4
3,-8,-5,-7,7,32,1,11,-9,-8,-5,-6,-4,0,-19,-86,-12,107,17,-4,3,12,80,25,-28,-64,-5,3,-7
3,101,152,176,163,256,45,206,143,126,27,-54,91,85,11,114,31,193,68,55,147,56,311,69,61,60,-48,-66,-74
3,-2,-10,2,18,38,-20,-25,-4,-10,-14,-12,9,-4,-4,-57,-11,-29,-32,-3,5,19,97,13,15,11,-8,-2,-2
3,3,-15,-25,-62,-55,-11,-24,-13,-17,-16,3,97,90,-7,-50,0,119,34,-40,-68,-1,81,28,-5,-3,-13,-16,-1
3,2,-8,-6,39,54,-16,2,9,27,-9,0,18,50,-6,-70,3,128,33,-32,-63,-30,-36,-34,-16,-22,5,-5,-13
3,2,-12,-10,21,37,-13,-16,1,-10,-23,-7,-16,-7,-16,-92,-10,99,11,-25,-3,0,88,32,-3,-2,7,-12,-12
3,-9,-24,-24,13,20,-25,-33,-16,-20,-28,-13,94,94,12,97,34,91,13,-32,-24,-33,-36,-33,-8,-39,-20,-16,-21
3,-3,-20,6,5,26,-4,-6,-11,-18,-19,-16,-30,-45,17,69,30,82,13,-23,-49,-1,94,17,-17,-55,-2,-13,0
3,14,7,-10,-6,-24,-16,-144,-33,-44,4,29,146,105,0,-44,2,37,18,80,146,9,-151,-25,-20,-40,-1,-4,2
3,11,-18,-15,-7,-10,6,-114,-21,-14,12,36,153,105,-61,-273,-35,57,36,-1,-21,-7,-83,1,2,-6,10,11,20
3,15,7,-4,10,-4,-3,-134,-19,-33,8,23,73,47,-64,-278,-34,89,46,9,-21,13,0,18,-8,-36,5,15,14
3,15,27,50,135,81,-2,-100,-4,-13,7,30,110,81,-47,-182,-26,66,14,27,38,-4,-126,-6,-58,-101,-11,-1,16
3,10,28,29,15,-2,1,-101,-6,-30,7,17,-10,-38,2,1,28,62,11,-3,-30,6,-44,6,0,1,15,5,2
3,13,22,72,38,7,15,-103,5,14,39,61,268,216,-10,-171,-10,56,14,36,56,19,-99,-2,-9,-53,11,21,34
3,1,-6,11,3,-1,-2,-115,1,13,26,21,101,58,9,-11,35,55,4,3,28,-14,-164,-22,-5,-13,14,-6,4
3,-25,27,84,134,129,-38,-79,-35,-18,-2,-34,78,20,-25,5,16,-33,-57,43,110,-12,-92,-56,-4,30,-46,-57,-59
