4,9,-8,3,-12,4,-16,-33,-8,21,-6,-14,13,17,-27,2,-10,44,53,2,18,-8,29,-6,1,-1,-30,-16,-23
4,10,-27,-58,-32,-13,1,41,25,-13,-18,7,77,100,-7,25,-8,32,5,-17,-10,-16,-10,-18,-18,-15,-1,-2,-8
4,15,-10,-37,95,123,20,68,33,-26,-22,-22,-69,-45,-23,-13,1,28,-1,-12,-11,-8,-3,-6,-12,-11,-5,4,-33
4,0,-32,-51,-4,-7,4,70,42,-15,-6,-6,-28,-21,-11,3,0,38,16,0,7,6,24,4,-5,-3,-7,-4,-6
4,165,165,278,221,280,48,294,155,161,7,-62,81,61,10,218,61,215,78,39,225,68,275,16,102,175,-42,-93,-73
4,247,260,354,321,376,131,383,268,257,77,32,209,194,56,257,119,300,157,121,307,143,340,103,172,269,31,-15,10
4,292,314,402,364,419,155,469,321,283,103,53,352,303,76,213,135,346,168,136,337,162,368,111,187,292,48,-3,11
4,135,134,218,359,493,25,169,83,117,-26,-82,104,104,-66,37,-23,152,2,-2,148,27,189,-36,31,127,-96,-151,-130
4,-6,5,11,36,30,-4,80,21,-64,-19,-3,33,77,-1,-4,-15,5,1,-14,-32,-9,10,-3,-58,-55,-2,-5,3
4,1,11,30,27,38,-4,48,20,17,3,-12,-14,-14,-14,39,-13,-5,-2,-18,-49,-25,-2,-7,-5,-5,-16,-9,-24
4,0,10,34,-69,-109,5,44,23,13,12,4,11,17,16,89,17,4,22,-1,-2,-6,5,0,-57,-59,-3,2,1
4,-23,-19,29,112,161,8,41,19,-14,-9,-24,-16,-22,-31,9,-22,-18,4,-17,-12,-1,-7,-21,-49,-46,-13,-1,-11
4,-4,-6,0,119,176,6,43,-23,-119,-54,-22,0,-1,-22,-40,-30,-18,-12,-17,-10,21,68,6,-6,-8,-17,-19,-10
4,-12,12,18,114,167,12,44,9,7,-12,-10,0,-6,-15,22,-4,-10,-22,-36,-101,-28,24,-10,-44,-53,-26,-4,-10
4,2,2,9,-58,-91,5,52,41,39,2,11,33,62,-10,-18,-8,11,11,3,25,0,5,-4,-38,-50,-14,-22,-8
4,1,44,53,49,72,-12,90,40,41,-10,-36,17,42,-45,-22,-35,-21,-6,-9,6,4,-17,-24,-62,-64,-34,-35,-26
4,192,257,377,447,630,128,363,214,265,61,0,175,194,26,185,98,250,83,86,263,89,221,35,63,112,-7,-55,-23
4,184,232,333,339,389,97,346,227,278,58,3,352,313,33,200,81,224,82,71,270,94,209,26,59,134,-25,-58,-25
4,-14,-11,-3,6,18,-24,47,26,-3,-26,42,3,28,-6,-43,-31,-17,-14,-20,-5,-17,-22,-17,-70,-72,53,102,81
4,-11,-5,18,116,154,-7,48,-3,-61,-38,46,-49,-42,-4,-64,-33,-24,-14,-29,-10,-19,-18,-19,-77,-73,42,81,71
4,-35,-24,-20,-37,-45,-14,38,16,-23,-22,29,-53,-31,28,106,8,-20,-21,-30,-82,-12,47,14,-11,-17,53,66,76
4,-16,-28,-5,-18,12,-7,22,-11,-96,-59,50,-39,-34,13,-60,-3,136,50,6,20,-7,-13,-14,-62,-57,54,71,82
4,-12,-25,7,-83,-129,-18,65,56,126,39,52,63,68,26,39,-7,-28,-32,-38,-72,-37,-46,-32,-76,-75,44,63,63
4,-28,-27,-19,85,136,-6,34,32,92,11,29,-37,-30,-6,-9,-29,61,-5,-36,-30,-47,-50,-47,-101,-110,33,58,38
4,-11,8,17,-102,-153,-35,25,-5,-40,-44,39,-14,6,16,33,10,126,42,-16,-3,5,61,10,-59,-58,38,67,57
4,-10,-22,-37,84,113,-2,19,-2,-29,-30,44,-19,-23,-10,-36,-8,99,33,-41,-93,-24,23,0,-99,-101,40,56,42
4,-15,-29,-53,-21,-13,-18,22,16,40,3,41,51,67,-3,-77,-39,113,23,-52,-77,-41,-58,-28,-10,-14,54,41,52
4,-12,-29,-36,-21,-7,-17,-60,-55,-29,-16,42,5,14,20,3,1,130,41,-40,-72,-20,-19,-3,-10,6,53,44,62
4,-25,-27,-45,-97,-153,-43,-56,-51,-36,-25,28,38,58,57,259,97,108,36,-38,-69,-35,-33,-38,-15,-12,44,40,39
4,-19,14,14,1,-16,-4,23,8,-23,-12,49,17,49,3,-53,-33,-34,-14,-35,-74,-29,-32,6,2,15,61,50,54
4,-9,19,16,-99,-136,-14,65,55,107,29,36,72,69,16,27,-18,-43,-29,-48,-114,-40,-45,-11,-20,6,45,30,30
4,11,33,47,116,144,-6,-33,-16,-4,-28,12,20,33,4,11,-32,-50,-43,-45,-119,-41,-56,-34,-14,-9,21,36,33
4,-12,9,10,-13,-19,-23,9,1,-31,-24,23,0,11,5,34,1,113,31,-39,-84,-32,-40,-9,-9,-6,31,17,29
4,-10,15,37,63,79,-13,-70,-63,-41,-30,8,-55,-51,36,141,78,73,16,-51,-86,-36,-42,-30,-2,-3,9,12,14
4,-2,17,20,-33,-47,-12,11,-10,-42,-24,14,94,51,10,-16,-12,92,26,-24,-76,-24,-32,-11,-13,-13,20,18,15
4,1,21,16,118,163,8,36,5,-33,-13,20,-28,-40,10,5,-23,-53,-32,-37,-111,-23,-40,-32,-7,-6,23,24,23
4,5,27,47,122,162,15,44,4,-29,-16,1,-66,-96,10,12,-18,-64,-29,-40,-80,-30,-33,-12,7,3,6,7,24
4,10,36,45,115,163,-13,-51,0,110,22,10,-55,-71,-14,-68,-34,-37,-21,-38,-78,-34,-39,-17,-2,2,8,10,11
4,9,18,35,33,48,5,33,50,81,12,-6,-63,-50,44,221,90,71,13,-37,-81,-23,-51,-22,-23,-13,-13,-10,16
4,-2,16,3,64,115,-12,18,8,22,-10,-5,-18,4,-12,-1,-19,76,-1,-19,-8,-25,-50,-37,-29,-18,-17,-15,-11
4,-13,13,40,86,128,8,23,-10,-56,-20,7,-38,-64,0,-3,-11,-43,-34,2,12,-9,-33,-8,-10,-5,7,13,1
4,-10,19,21,29,35,-3,7,-14,-72,-27,-2,-52,-56,42,201,70,-44,-36,-5,-20,-15,-40,-21,7,7,-6,-12,-12
4,-6,-2,7,72,106,9,-17,-27,-60,-14,5,-32,-47,-9,-83,-11,-14,-2,7,13,14,11,7,11,9,7,21,14
4,-5,-10,-9,65,120,1,1,-12,-24,-6,-13,-16,-57,-14,-82,-9,100,46,-8,-6,-14,-13,1,3,-17,-9,-10,-9
4,-10,-27,-22,42,106,8,-13,-8,-25,-11,-7,3,-11,-8,0,-3,94,32,-15,-9,-11,-18,-6,-18,-22,-7,-6,-18
4,-1,-30,-51,43,82,5,-4,2,-25,-6,3,72,74,-13,-69,-32,-27,-16,6,-12,-13,2,4,-8,-12,-10,14,0
4,15,-2,-26,57,86,14,-23,-22,-35,-11,16,100,116,11,-75,-23,-2,-19,9,-72,5,-24,-11,-62,-63,6,6,8
4,-1,-9,-25,-5,-4,2,5,-4,-25,-8,3,-35,-44,1,-57,4,124,43,2,13,0,-3,1,26,4,-7,-7,18
4,8,0,-10,63,116,16,20,-3,-18,6,4,14,1,3,-52,-20,-19,-3,6,-1,-1,-9,-6,-61,-70,6,13,-10
4,-4,39,42,50,91,0,-9,-13,-19,-2,-2,-16,-32,-3,-63,-2,106,42,-3,-64,-10,-4,-5,-58,-63,-8,0,14
4,16,-4,-23,-93,-74,4,-81,-72,-32,7,6,-14,-3,24,-45,18,153,73,13,-48,13,19,5,32,27,23,12,31
4,19,30,10,62,115,-5,-59,-34,40,22,-3,-12,-35,-3,-69,-21,-25,-28,-7,-1,1,-17,-6,5,9,7,-3,6
4,27,16,33,53,100,14,7,15,-20,2,3,-42,-27,9,-68,-31,-8,-41,15,-8,6,-18,-9,-24,-23,6,-9,8
4,-4,8,42,48,90,-19,-82,-58,-15,2,-5,9,-9,-2,-48,-3,98,45,1,6,-1,-11,-3,-22,-9,-9,-22,-9
4,14,5,7,-3,12,-5,-23,-8,-37,-8,-1,-21,-14,17,134,42,-21,-35,3,-9,1,-10,-2,-2,-1,-6,-16,-5
4,11,-11,5,-1,23,-7,-76,-62,-37,-2,3,11,12,-3,-35,-6,115,42,13,4,6,2,-3,-5,5,-4,-5,-10
4,18,0,-7,-95,-85,0,-41,-34,4,8,7,-6,-12,23,52,21,3,10,7,23,9,11,24,18,5,9,14,13
4,-11,22,19,31,63,-10,-11,-11,-46,-21,1,-8,-17,19,214,45,-14,-13,-12,-14,-13,-37,-13,-43,-61,-26,-21,-16
4,-12,-14,-20,-114,-129,-16,-30,-11,-50,-20,4,34,70,-2,54,-2,140,44,-2,18,7,53,21,-7,-5,4,-12,2
4,-5,-34,-26,-102,-131,-17,-7,14,74,12,-3,-6,-17,24,221,77,-6,-4,-27,-85,2,71,21,-6,-5,-5,-6,-5
4,3,-41,-77,-106,-100,-5,-25,-17,-4,-6,2,-13,-28,0,85,17,139,58,1,14,19,88,23,-15,2,0,-4,-10
4,-4,-42,-85,-103,-130,-11,-20,-28,12,5,-9,-9,-23,3,190,76,122,48,-6,3,3,57,15,-11,-1,-2,-12,-10
4,-8,15,22,38,60,6,-7,-24,-50,-22,-29,-40,-29,-13,46,2,78,36,-12,-11,-10,55,-5,-25,-14,-15,-22,-11
4,-22,-33,-54,-93,-91,4,0,-10,0,11,10,-1,17,50,208,83,-15,-19,1,-78,-19,-21,-16,34,13,4,10,15
4,0,-40,-50,1,24,-3,-13,-24,-21,-14,2,41,65,17,177,67,-26,-20,-15,-14,-8,-37,-31,-15,-22,-12,-5,-13
4,9,4,-6,52,69,-1,-63,-43,4,-4,1,-3,-6,-6,139,32,-7,-20,-9,-83,-6,-33,-33,-6,3,15,-3,8
4,-7,25,29,34,50,-10,-57,-32,-9,-1,-4,4,25,1,136,16,-9,-23,-23,-86,-9,-22,2,-3,0,-1,-10,-2
4,-12,-8,-3,-9,-1,-7,-20,14,113,35,-5,-20,-14,-6,77,-19,-21,-17,12,11,-7,-22,-14,-8,-20,-14,-7,-3
4,-2,4,-4,23,62,4,9,14,16,-3,-4,6,0,-13,110,-1,4,-22,-6,-86,-11,-29,-28,-8,1,-4,-4,-3
4,2,-23,-5,11,25,-12,33,20,96,13,-25,-14,0,-23,70,-3,-28,-25,-7,-13,-16,-14,-26,-7,-8,-22,3,1
4,2,-28,-29,-10,-10,2,1,-3,-21,-11,4,11,30,6,100,5,5,2,4,-83,-14,-15,3,3,13,1,6,4
4,1,24,23,-145,-255,-23,14,37,129,38,-1,6,29,9,107,33,-6,15,-9,-40,0,14,-4,10,5,-6,-5,1
4,-11,-10,-4,26,45,-6,23,10,108,20,-16,-13,8,-12,68,20,-22,13,-25,-74,-13,-35,-25,-11,-10,-25,-10,-11
4,-11,-15,4,23,60,-11,-16,5,109,21,-5,-32,-41,-9,68,3,-14,1,-5,-69,-7,-2,-9,-18,-19,-5,-9,-7
4,-4,4,4,5,5,-1,-44,7,131,35,6,10,16,-38,-120,-60,-2,8,6,-24,12,22,10,8,14,-1,-3,2
4,-15,-7,-5,-12,-17,0,2,-9,-18,-15,1,12,16,-41,-139,-59,132,69,12,0,13,22,22,7,3,3,15,6
4,3,-4,-17,2,-7,-7,-23,-25,-23,-7,-4,-32,-25,-6,-52,-25,129,56,18,60,7,9,3,-11,9,-1,4,-24
4,-11,-16,-7,-19,-20,-7,-29,-22,-27,-12,0,-1,-2,17,85,26,-14,15,-5,-13,22,59,23,-11,-9,-11,-5,-9
4,-3,2,3,-60,-71,3,-20,14,122,35,13,17,16,-14,-20,-34,7,8,3,-31,-2,8,-7,0,-1,8,-5,-1
4,10,24,33,12,8,-2,-30,-8,-5,-3,-3,-2,-12,-19,-45,-48,120,45,1,-13,-8,-7,-6,-10,-15,0,0,-7
4,-1,18,33,-25,-57,-4,-26,8,110,27,-8,11,34,-22,-43,-58,-14,-22,9,43,8,-1,-2,-5,-6,-5,-7,4
4,-1,25,31,5,-7,-2,16,24,94,20,-3,-12,-11,-14,-64,-63,-14,-8,-8,-46,-3,41,28,-1,-15,-5,-1,-3
4,10,-19,-22,-75,-111,-6,8,-8,-8,-10,3,19,40,-10,-34,-22,115,47,18,73,6,-2,-9,-1,-1,3,-12,-3
4,5,0,5,-18,-25,10,-59,-39,0,8,24,7,4,0,-144,-47,1,1,24,-16,24,54,46,14,19,36,28,14
4,-6,9,-9,57,82,26,49,43,108,22,-5,-10,-12,-34,-204,-85,-5,-24,6,57,-2,3,-7,-10,-7,-7,-4,1
4,6,1,-24,-35,-69,5,3,2,-1,-4,10,3,-15,5,-29,-39,6,2,16,70,14,18,9,12,7,9,2,7
4,18,-4,-21,22,44,-8,-40,-13,101,22,-7,-17,-13,-3,-42,-31,68,43,-14,-62,-9,36,13,-10,-21,-6,-15,-28
4,4,0,-2,36,58,14,27,24,98,12,-10,-62,-34,-13,-63,-44,-8,-14,1,40,-1,-20,-5,-6,-20,-8,0,1
4,7,-15,-20,25,49,-8,16,24,51,0,-17,-17,-5,-15,-35,-28,104,34,-2,16,-13,-47,-21,-23,-24,-12,-21,-4
4,-3,-7,2,51,49,19,22,11,51,2,-3,-22,-16,-4,-24,-28,-1,-19,-6,-44,-12,-6,-3,-4,-1,0,3,-10
4,-5,-1,-2,-94,-99,-8,9,-5,-21,3,1,37,53,9,3,5,4,6,15,57,0,-11,-2,19,10,2,13,-7
4,5,0,20,-100,-110,-13,-5,14,94,21,-4,-8,-11,-9,-23,-20,-9,-6,-3,50,22,64,39,1,-3,-2,1,-4
4,-10,-35,-39,5,44,-8,-1,11,71,12,-21,-44,-48,-11,-31,-20,97,39,-12,46,9,38,18,-18,-18,-28,-21,-22
4,3,35,43,36,65,12,-62,-83,-44,-29,-8,-24,-10,5,-21,3,13,14,3,-15,-12,18,-2,18,1,3,15,8
4,-6,19,35,-153,-272,-14,23,21,97,16,-11,-31,-23,-7,-4,-10,-19,-4,8,35,63,226,52,-14,7,-5,-13,-16
4,6,42,59,-24,-36,13,38,21,46,20,-8,-38,-8,-22,-168,-50,6,-1,3,42,3,4,8,14,19,16,1,0
4,-2,3,2,-49,-65,6,28,33,107,25,13,17,10,-17,-153,-47,12,-5,6,37,-6,7,5,4,-7,7,2,10
4,-4,21,34,-106,-202,6,18,-5,-20,-8,3,6,18,33,29,27,5,19,3,-24,8,3,21,27,36,9,12,14
4,2,-5,4,-97,-111,-8,-5,2,83,17,-15,22,32,-5,-21,-5,-31,-34,-8,-30,41,217,55,-6,-19,-14,-17,-40
4,5,43,51,-100,-152,6,12,-11,-35,-9,18,-14,2,14,27,23,19,13,18,-43,2,3,7,21,25,21,16,17
4,11,17,12,43,53,17,14,-6,-33,-20,-11,-11,-9,0,-127,-21,12,11,6,-48,-5,8,4,27,15,9,27,10
4,3,26,8,-67,-78,1,5,13,107,31,3,11,3,3,-5,-4,0,-16,5,21,-13,-13,-20,-3,-16,5,-5,-2
4,-5,13,38,32,36,14,5,-13,-45,-10,-3,0,-2,-16,-153,-30,-2,2,-6,-31,24,82,42,1,-2,2,9,7
4,8,-15,-35,-94,-160,-10,10,-21,-29,-7,5,24,28,14,7,14,13,8,14,39,30,77,45,7,11,16,3,-13
4,8,14,39,22,29,1,4,-4,-18,-9,-14,-19,-13,-11,-84,-19,-14,7,10,29,22,39,16,-6,-21,-1,6,-9
4,3,1,27,71,71,7,4,-2,-38,-10,-4,-45,-12,-11,-185,-47,-3,-2,-1,34,37,84,32,-2,-3,0,12,5
4,3,7,9,-55,-64,-8,-20,-9,-28,-7,0,-24,-8,12,-6,8,2,11,3,38,18,39,40,-2,0,0,15,12
4,6,11,15,60,71,14,7,-1,-25,1,18,32,24,-5,-163,-44,-2,0,-10,14,-5,24,11,-11,-13,-16,7,8
4,118,121,223,137,133,9,147,81,85,-3,-56,46,55,-40,-27,1,119,4,24,132,8,84,-43,51,133,-60,-101,-65
