5,74,85,139,139,172,-7,108,70,58,-23,-59,54,36,-46,124,2,7,-7,-32,57,-13,95,-40,21,29,-89,-118,-100
5,-12,-23,-6,-31,-56,18,22,50,110,39,-11,8,2,-7,-63,-42,-12,5,-3,9,3,4,-4,3,0,-1,1,-6
5,-7,-29,-19,31,19,8,-43,-11,10,19,4,-1,2,-15,-99,-46,5,27,10,28,11,16,12,14,30,1,6,13
5,-7,-33,-19,-8,-5,14,-3,-4,-12,3,-6,-3,-9,-23,-109,-23,136,116,-4,-75,-2,8,-7,11,12,20,-6,13
5,-13,-35,-14,-2,-5,12,23,15,-11,-5,-21,-5,-13,-27,-116,-26,137,101,3,-15,-7,3,-5,1,-1,3,-4,5
5,-17,-21,-6,14,39,3,-31,-18,14,20,2,45,35,-36,-102,-62,-28,6,17,22,17,13,-1,6,21,21,11,8
5,-15,-36,-14,-66,-78,-7,7,3,-17,-16,-14,-34,-32,-16,-52,-1,143,101,-11,-67,20,160,56,-4,-3,1,0,-8
5,45,71,102,131,171,-2,93,57,80,-9,-48,21,29,-45,35,-42,-4,1,-43,5,-26,84,-18,9,39,-63,-80,-68
5,57,74,93,116,177,-14,85,52,81,-23,-67,29,32,-67,-54,-63,26,15,-23,48,-1,85,-28,24,52,-71,-84,-76
5,0,8,15,5,9,-1,-33,-24,-3,6,-3,-15,0,-12,-95,-36,49,70,7,24,8,6,-5,6,4,-10,15,-9
5,0,4,14,9,0,-2,-42,-39,0,2,-3,1,-15,13,42,14,-21,-11,-3,13,0,-5,1,2,-5,-2,-1,6
5,22,51,80,-191,-247,-9,23,36,43,21,-1,-34,-28,30,303,109,10,44,-11,22,-2,102,12,32,58,-17,-18,-25
5,8,-35,-56,-170,-314,-4,65,33,4,-14,-26,-63,-30,22,169,42,12,-13,-19,-55,-20,11,19,-4,-1,-8,-13,-19
5,-15,-16,-20,-137,-283,4,-4,-10,-11,-1,-7,-49,-8,-15,-70,-16,19,5,15,70,7,14,9,20,14,0,12,14
5,3,35,60,-34,-71,17,18,9,4,5,-10,-48,-8,9,-56,-25,19,-12,12,8,11,14,-2,9,-3,14,3,13
5,28,-7,-2,-101,-209,-12,-20,-22,-12,-15,-2,46,40,9,29,33,152,89,-10,77,11,-14,-8,-27,-17,-14,9,-17
5,8,-27,-5,-85,-187,10,-10,-14,-14,-4,19,41,44,18,46,19,2,21,7,114,8,5,-6,6,-6,-1,1,6
5,15,-4,21,-90,-197,0,-19,-14,-19,-19,13,82,98,45,202,46,-36,-12,-9,69,-9,-20,-27,-25,-23,-21,-12,-8
5,7,11,2,-60,-166,2,-4,1,8,10,0,-55,-32,27,186,61,9,12,-5,-6,-1,0,4,2,-5,-1,1,-12
5,6,1,14,-77,-221,0,2,8,-8,3,6,-45,-14,36,199,51,-75,-17,15,96,10,3,-7,3,-1,-1,12,1
5,-10,-37,-32,-72,-170,2,16,17,40,10,8,107,106,-4,29,5,2,23,-16,-19,-14,0,-10,-3,-2,1,8,0
5,8,-29,-16,-78,-216,25,62,47,5,-2,5,43,44,-1,7,0,-62,-4,15,109,6,16,13,2,-11,9,-3,11
5,-2,-55,-53,-64,-167,-2,6,55,162,69,-7,-68,-32,19,166,39,-16,-2,-9,-14,-12,-1,-1,-11,1,-5,-4,-9
5,16,-32,-32,-55,-154,0,5,22,44,19,7,-22,-19,27,261,69,18,26,23,101,16,-3,1,-2,7,2,2,10
5,12,-46,-41,-30,-144,5,8,2,27,7,7,31,26,18,191,45,-4,-4,-5,-38,-8,-12,-10,-12,-9,0,-8,-5
5,-10,3,3,-33,-147,-9,-6,2,-4,-3,16,13,14,-31,-17,-21,12,19,19,93,10,52,17,-14,10,12,7,-17
5,11,35,36,-30,-128,10,9,73,170,54,-2,-60,-40,-19,-6,-17,-26,4,-17,-19,-12,-4,-5,-2,-6,-14,7,0
5,13,8,13,-19,-143,-13,-14,-6,1,-10,-8,18,6,24,187,58,-20,6,-14,-36,-9,-8,-14,-6,-4,-14,3,0
5,6,-21,-7,-15,-122,-1,4,67,157,59,1,24,14,-15,2,-11,-66,-18,0,-34,-6,-4,-2,-3,2,2,-5,-12
5,-3,-4,22,-15,-121,-10,-2,28,61,27,-4,5,6,20,145,38,-32,-2,-17,-42,-7,-7,-19,-9,-9,-8,-3,-16
5,-7,-10,-14,-12,-115,28,63,51,2,-10,6,-4,3,-12,5,-8,-11,13,9,83,4,-10,-11,-2,-11,-14,1,-15
5,5,5,23,-2,-111,6,42,5,-18,-7,1,27,26,18,138,30,-75,-31,-9,-13,-5,-1,-2,-4,-13,-5,-5,-14
5,0,-10,-16,-12,-115,5,55,21,-3,-10,-12,-87,-48,21,186,53,-2,21,-11,-8,7,3,-10,2,3,8,-16,-10
5,11,-23,-12,43,35,4,30,24,-15,-3,-10,-97,-54,7,120,22,-3,10,-11,-29,-6,-2,-13,-9,1,-8,5,-23
5,14,-27,-25,-7,-95,-8,26,-6,-10,-9,4,10,-1,20,163,32,-5,-5,-6,-14,-4,-6,-5,-8,-4,-4,0,-4
5,-1,6,27,-4,-96,7,22,29,-24,0,0,-8,-9,-18,-27,-18,-5,13,17,105,10,-6,7,-7,-3,1,-3,-8
5,5,-25,-31,-16,-92,-10,21,-8,-4,-6,-8,5,9,12,146,52,46,66,-7,-32,-7,-9,-21,-22,-8,-10,-11,-17
5,-7,-24,-28,-15,-91,-8,-2,-1,-19,-17,-7,-15,-12,15,165,69,107,81,-20,-34,-14,-21,-16,-15,-20,-10,-16,-13
5,-8,-16,-12,-11,-85,-14,9,-16,-12,-3,-18,-6,-3,-14,42,2,-45,-22,13,83,29,155,34,-23,-14,-10,-20,-11
5,9,-40,-24,-7,-67,-8,12,-10,-13,-8,-9,-1,-12,11,165,37,-7,-1,-6,67,-11,-12,-5,-12,-10,-8,-17,-19
5,-2,38,32,0,-57,2,9,-7,-26,-3,-14,7,-2,-14,-39,-5,16,-9,8,85,-5,2,-11,7,1,1,-8,8
5,8,-6,-40,-11,-54,-13,-6,-13,-14,-7,-12,-15,-9,18,165,48,7,-11,-9,61,3,-9,-22,-1,5,1,-15,-25
5,-9,-25,-36,-15,-42,-6,-13,-5,-10,-20,-8,-35,-15,7,120,10,-79,-42,-14,64,30,136,45,-4,-20,0,4,-20
5,2,3,-11,-4,-19,-8,-7,1,7,-9,-1,-6,-10,-27,-19,-15,10,3,2,94,17,31,13,-8,-12,-8,-8,-6
5,15,-6,-22,214,295,37,6,-2,-9,-8,2,11,26,4,146,25,-3,-6,-17,-76,-21,-7,-29,-23,-12,-9,-3,-6
5,-10,-15,-39,-10,-33,-2,-17,-18,-4,-3,-13,-8,-12,4,164,37,-1,3,-6,67,0,4,-12,-17,-13,-13,-13,-7
5,6,-18,-18,44,113,-9,-22,-13,-7,-12,-13,-12,-14,9,155,17,-54,-24,-8,-59,-23,0,-15,-12,-8,-10,0,-3
5,-8,24,28,-11,-33,-5,-13,-18,-35,-23,-13,-15,-17,2,147,17,6,3,8,77,-10,-13,-27,-13,-14,-13,-14,-12
5,-19,-16,-39,12,-17,2,-3,3,0,0,-2,-7,-3,-33,-91,-64,19,13,20,100,18,17,6,24,17,10,5,9
5,-36,-15,3,70,129,11,-6,-17,2,3,-18,-91,-48,-10,-30,-37,-70,-7,14,94,2,5,13,-2,2,1,5,5
5,-6,-13,-12,-21,-28,-14,-12,-13,2,-14,-6,-13,-2,13,160,34,-18,1,-7,76,-6,-15,-19,-14,-9,-17,-2,-20
5,8,42,77,150,262,35,19,4,-16,-8,-9,-12,-10,-4,-6,-19,-8,-9,-2,66,-2,-3,-5,-5,-5,4,5,1
5,-3,-40,-49,25,103,1,-21,-17,-16,-20,4,18,47,-8,130,6,-12,-12,-19,37,-18,-19,-14,-21,-21,-22,-22,-8
5,5,-8,3,67,166,1,-19,-4,-21,-10,-9,-16,-8,-32,-49,-53,-5,-1,-3,59,-13,-10,-13,-6,-6,-12,-4,-12
5,27,27,9,208,321,22,-8,12,-11,-9,10,-2,27,0,135,15,6,-21,-32,-69,-27,-21,4,-9,-16,-4,-12,-8
5,-11,-11,-34,41,99,-15,-8,0,-24,-18,-7,-26,-18,9,139,19,12,-21,-14,34,-17,-16,-22,-22,-20,-7,4,-24
5,-29,-17,-5,-12,-19,-20,-8,-15,-19,-7,-6,-7,-7,-25,-49,-36,-12,3,3,76,43,158,52,-8,-9,-16,2,-6
5,-6,-14,-19,46,127,1,-9,-15,-29,-7,-3,-1,-12,-14,-44,-42,7,-3,-5,64,-1,-3,0,1,-3,-1,-5,-4
5,-1,17,0,19,51,-13,-21,-36,-44,-21,-9,-8,-17,9,152,23,15,-9,-10,29,-22,-8,-20,-15,-12,-2,-19,-13
5,12,27,1,31,98,-13,-27,-4,-21,-23,-21,-25,-13,6,139,22,0,-16,-13,-2,-21,-17,-27,-1,-15,-15,-19,-28
5,-3,-2,10,-38,-45,-22,-12,-13,-10,-7,-2,-13,7,12,126,19,-5,8,-12,53,1,0,1,-11,-5,-11,-13,0
5,-13,-5,-17,-31,-39,-19,-4,-1,-1,-2,-5,-6,-2,-17,-27,-28,-13,-3,-5,64,27,150,47,-14,-8,-6,-12,-15
5,9,19,31,26,98,8,-7,-19,-15,-16,-5,-18,-23,-13,113,4,-19,-9,-17,-33,-18,-16,-15,-7,-14,-14,-25,-10
5,12,25,60,195,302,24,16,19,-3,-5,-10,-1,-1,-12,9,-13,-11,-2,6,20,3,-9,-6,0,-5,-1,1,-24
5,2,-14,-3,26,98,-6,-17,-29,-11,-9,-9,4,-11,10,105,4,-14,-11,-9,-43,-22,-10,-11,0,-7,5,-1,-7
5,-10,-1,-26,54,111,1,-8,-3,1,-20,1,-14,6,-29,-85,-47,-1,13,2,69,-2,-5,-12,1,-16,1,15,-13
5,5,23,34,41,107,2,-9,-13,9,-9,-7,-16,-15,-26,-45,-41,-14,0,-9,70,-4,-5,-13,-11,-1,-12,-13,-14
5,6,-5,-15,35,107,-6,-15,-3,5,-5,-12,-8,-12,9,90,9,-18,-8,-15,-51,-12,-15,-16,-11,-12,-8,-9,-9
5,5,-10,-38,25,112,2,-11,-13,-26,-10,-26,4,-17,4,95,5,12,-22,-11,-51,-13,-4,-14,3,-8,11,-2,-13
5,6,-22,-27,28,95,-17,-75,-50,-6,-9,-7,-8,-17,1,93,3,1,-11,11,63,1,-2,-15,-10,-1,-11,-7,-22
5,2,-2,-18,11,99,5,0,15,-3,-10,-11,-19,-15,-12,81,-2,-98,-44,-26,-44,15,133,39,-16,-26,-21,-17,-20
5,-13,-5,-22,40,98,-1,-4,-11,5,4,-21,1,3,-17,-67,-45,14,10,1,-13,-9,9,-8,5,15,8,21,-10
5,-2,-5,-5,-15,12,4,11,-4,-6,-6,-7,-4,-1,25,98,14,-2,1,-14,-20,-11,-5,-18,-2,-12,-5,-6,-6
5,31,12,8,150,299,13,1,4,5,4,-3,1,0,2,9,-11,-19,-8,-17,-39,0,58,5,-15,-2,-11,4,-11
5,-5,-14,-31,80,183,27,13,3,17,4,-34,-88,-42,-9,-18,-17,4,3,-8,-28,-16,-2,-5,-3,-1,3,4,-23
5,-7,-24,-30,35,83,4,-6,-3,3,-3,3,2,-7,10,108,17,-49,-25,-9,-23,-6,-15,-14,-9,-8,-2,-3,-1
5,-2,-9,-19,-34,-49,-7,-8,12,-14,-15,8,19,35,18,116,11,12,9,-9,0,-15,-20,-6,-12,-4,-13,-7,3
5,-17,-13,-12,22,88,-1,-16,15,19,-1,-15,-15,-19,-27,-74,-35,-14,-11,-15,-7,9,152,50,-20,-19,-19,-16,0
5,1,-22,-21,25,79,-2,-10,-17,-14,-11,-10,-16,-17,-22,42,-13,-10,-6,-17,-16,2,129,48,-15,-27,-4,-22,-15
5,-12,-20,-9,31,114,-7,-11,-17,-16,-11,-3,-3,-12,8,86,3,-13,-18,-4,-2,-16,-8,-15,-7,-8,-8,-15,-9
5,1,2,-10,-31,-52,-36,-7,-8,3,6,-10,6,27,-12,-9,-30,-8,-15,-11,61,30,128,39,-9,-12,-11,-5,-25
5,0,19,26,31,71,0,-10,-18,-11,-13,-13,-22,-10,-14,19,-18,-20,-1,-8,58,-8,-12,-4,-17,-8,-18,0,-8
5,4,-35,-35,22,91,-13,-25,-23,-7,-8,-15,-25,-17,-23,-106,-66,-25,0,5,60,33,154,47,10,4,-2,-3,-8
5,-11,-23,-5,19,95,1,-11,-14,5,-6,-11,-3,-11,7,95,19,-19,-9,-9,27,-14,-10,-25,-16,-13,-18,-6,-28
5,8,-15,-32,-35,-17,-5,-9,1,-3,-17,-12,-10,-15,18,75,6,13,-24,-19,-22,5,134,31,-4,-11,-5,-19,-14
5,1,-13,-21,-30,-47,-11,-4,4,-9,-4,-11,-1,-14,-16,-79,-53,19,-4,1,83,34,150,57,-3,-5,1,-21,-3
5,2,3,-17,-27,-35,-9,2,-5,5,-1,11,-1,-9,4,50,0,28,1,-8,-29,0,-2,-1,1,4,8,7,8
5,-5,-15,-8,-22,-39,-5,-3,8,-11,-14,-15,-11,-15,11,78,15,-12,-19,-6,-20,13,147,29,-11,-15,-13,-14,-12
5,14,49,72,233,355,50,19,30,11,7,19,-9,15,-13,-86,-50,-79,-18,1,-6,5,13,10,2,14,9,38,14
5,19,25,34,221,331,44,13,30,-16,0,5,-20,-18,-38,-101,-65,-50,-35,6,38,31,145,44,-11,2,-2,22,4
5,-12,2,9,-23,-22,1,4,6,-10,-13,7,-6,-19,-28,-101,-33,-13,-3,-2,65,24,147,32,-4,-13,-8,6,-8
5,-2,-4,3,-10,-18,1,9,7,-4,-2,15,-1,9,-18,-88,-31,3,4,-2,-2,8,109,36,-3,8,-3,0,-9
5,-2,36,44,38,93,1,-26,-12,-23,-20,-15,-22,-17,3,72,9,-22,-11,-15,37,-13,-30,-20,-24,-24,-21,-14,-6
5,-10,-11,2,90,176,1,-11,-10,-20,-23,-20,-27,-14,0,66,0,-26,-10,-9,27,-13,-9,-32,-31,-26,-22,-6,-16
5,-1,-18,-12,19,85,-10,-22,-13,-18,-25,-13,-16,-8,-12,56,-6,-29,-10,-21,-22,15,145,38,-22,-23,-19,-18,-6
5,-8,-19,-22,-21,-14,-1,-4,-6,-10,-5,6,41,58,6,74,11,-5,-5,-10,-29,-8,-9,-8,-10,-3,0,-10,11
5,0,25,48,37,102,3,-14,-13,-12,-15,-19,18,36,-30,-95,-51,-15,-21,-22,-45,6,90,39,-12,-8,-15,-12,1
5,24,20,25,170,313,29,10,26,6,-2,18,-11,-8,13,60,1,-5,5,-15,-53,-14,-9,-8,-12,-17,3,5,8
5,12,-23,-21,40,99,-2,-17,-4,-32,-4,-3,-20,-26,-16,49,-14,-23,-32,-16,-42,27,125,45,-22,-30,-26,-30,1
5,3,-7,5,38,110,-5,1,-13,0,4,1,21,37,-10,-68,-29,-10,-10,-12,-28,3,-2,-13,-3,0,3,-2,-23
5,-10,2,7,32,81,8,-16,-20,-21,-17,-4,-7,-28,0,43,-1,6,-12,3,47,-4,-8,-19,-12,-10,3,-12,-7
5,-19,-4,-33,-34,-46,-3,6,11,14,4,9,87,99,3,53,6,1,-21,-12,-52,-16,-12,-5,-5,-7,-16,-13,-3
5,-5,-18,-50,28,84,-7,-7,-10,-7,-1,-16,17,48,-8,32,-8,-10,-20,-3,32,-4,-9,-8,-21,-5,-4,-12,-6
5,8,3,-11,-38,-43,-14,-11,-4,-6,-6,-2,5,28,-4,34,-1,-15,5,5,79,1,-6,8,-3,-7,-5,-11,9
5,0,25,38,43,114,3,-9,-10,-3,1,-3,69,68,-36,-151,-76,-17,-14,1,41,-1,-13,-8,-11,-7,-15,-7,-9
5,-8,40,45,62,116,-5,-10,10,-2,-8,-11,50,60,-33,-137,-51,-25,-9,-15,34,-15,-11,-17,2,-5,-12,-5,-19
5,12,4,4,-17,-29,-8,1,-8,-14,-11,-11,18,42,0,44,3,4,-11,7,54,-9,-12,-12,6,-11,-7,-24,1
5,-3,19,39,-13,-30,-6,-13,-11,-15,-15,-21,-12,-3,-13,-51,-24,-15,-12,-9,37,33,128,49,-12,-3,-14,-8,-13
5,12,29,47,111,184,21,2,-9,0,-15,-24,-20,-6,-1,35,5,-39,-21,-37,-104,-45,-16,-33,-20,-32,-11,-14,-11
5,30,39,56,232,323,32,31,13,-6,8,-13,-26,-4,6,64,23,1,-9,-20,-78,-11,-15,-5,-11,6,-10,24,-18
5,-6,-31,-61,-22,-20,-5,-13,6,-6,1,-7,-99,-72,6,58,17,19,6,-5,-47,22,157,50,18,9,7,13,-1
5,-6,-30,-32,43,105,2,-4,-6,-1,0,-11,-31,-42,-19,-86,-32,8,-7,-18,-53,12,142,47,-1,3,4,-17,10
5,-5,-2,-23,-21,-21,-5,2,8,-10,1,2,-4,13,10,60,18,6,4,-4,36,-4,0,-12,-9,1,-3,-8,-7
5,-18,-19,-35,49,119,11,-6,-9,-4,-8,-27,-40,-51,-9,36,6,-3,-4,-1,31,-10,-3,-9,-10,7,-12,11,-2
5,-21,-18,-23,55,121,19,21,17,14,0,4,-1,2,-24,-117,-49,3,-19,-8,-49,-2,-9,8,24,-3,2,24,7
5,17,-25,-24,33,94,2,-17,-14,-2,-8,-12,-10,-14,-2,31,11,0,-11,-6,23,-8,-9,-10,-9,-8,-3,-10,-15
5,-6,-24,6,19,55,-5,0,-28,-23,-7,-9,-32,-40,5,52,2,-2,-3,9,46,0,-5,-5,7,-10,-8,-6,1
5,125,126,132,198,311,-1,125,92,94,-19,-53,46,12,-30,217,37,90,11,-53,60,2,162,-15,60,87,-90,-102,-111
5,301,354,436,451,589,170,367,284,295,118,45,225,209,114,491,205,325,157,109,299,158,394,118,211,291,11,-11,8
5,328,375,486,480,598,187,392,321,376,140,70,262,260,127,516,226,328,200,119,341,165,421,129,260,313,19,11,10
5,119,124,150,182,292,-3,123,93,124,-1,-49,52,26,-20,222,44,61,19,-19,155,16,147,-11,49,92,-100,-101,-82
5,156,182,305,303,429,57,203,135,170,23,-31,90,96,1,327,87,140,51,6,169,39,193,17,88,159,-81,-95,-84
5,316,395,502,506,621,180,422,330,389,129,57,279,253,121,534,254,329,208,120,401,171,441,123,275,298,30,2,12
5,334,424,529,516,662,184,446,355,413,148,79,298,286,126,575,276,350,217,135,398,182,477,134,304,348,43,19,8
5,333,353,467,478,594,187,382,289,324,149,95,274,224,145,504,253,341,193,162,441,184,407,165,250,326,31,12,10
5,310,356,446,331,390,158,378,299,304,124,73,253,217,118,494,221,331,186,152,416,181,406,132,260,298,29,5,11
5,297,338,406,434,548,166,345,263,279,122,68,216,192,116,469,192,314,167,129,405,159,367,127,207,287,20,-5,11
